File type = "ooTextFile"
Object class = "PointProcess"

0
61.41755102040816
5003
0.42343392885688963
0.4261323221693306
0.4288598291924461
0.4317590872556972
0.4345207824143498
0.43719569616566933
0.4399199588496427
0.4441263617901447
0.44792907967784823
0.4506613371755067
0.4547920382586665
0.45754706356376956
0.4611288145633241
0.4645128652400196
0.4675011877788589
0.47067745985213266
0.5613248149184974
0.5641991797556798
0.5670805881101323
0.5755042962440581
0.5784494605989482
0.5864863699817399
0.5953128820904289
0.5990834198285874
0.6024829209815561
0.6060607818502598
0.6093685067981867
0.6123715730456423
0.6154322128802331
0.6191847267752978
0.6221322343419348
0.6256567455809897
0.6288513492233149
0.633172611870985
0.6359513174078631
0.6401981839908136
0.6429306080894385
2.1115868395195947
2.119191681588279
2.122108523632556
2.124979920715963
2.127861453075384
2.1316281191808897
2.1345625559307053
2.1375065761382452
2.1407987264861443
2.143667691265029
2.1465203452552237
2.149461154987421
2.153681730263616
2.157262018912647
2.1601396060432205
2.162974779354206
2.1669578814113195
2.1700848099516477
2.1733244186073897
2.1766814762453124
2.193242921972096
2.197396566138347
2.2013775448898776
2.2050051764988723
2.207865722395038
2.269220754749893
2.2719842210178705
2.2756523342915345
2.2786367555181526
2.2828431430543232
2.2856274319438072
2.288389234935717
2.2919290764073987
2.294624275773474
2.7772958753738153
2.7970473066603674
2.8171356161116012
2.826941396002172
2.83783994351378
2.849503347147806
2.858872917996662
2.869820289374724
2.8918815533971234
2.9030273778270534
2.9149466732656126
2.927325465626687
2.9393501937605464
2.951763662052902
2.96372321667004
2.9757281688115507
2.986687087835889
2.9979154623416804
3.0111874101264893
3.0228633193160963
3.0338065347701106
3.046332109783014
3.058391523946769
3.0920112998848883
3.1260712166127638
3.1713592733153435
3.1997768189332323
3.217469564336206
3.235803191451812
3.253951286650521
3.276343727125062
3.2942506487130934
3.3121410781784357
3.3304412390997773
3.348832183039092
3.3676498709817255
3.379187575177906
3.3888586461133574
3.400124394866029
3.4121401083349636
3.4230751900849894
3.434465259311899
3.4453668061156715
3.457216339625327
3.4688911594684275
3.4804940165372384
3.4931838148247314
3.5025209941933895
3.5246101345368754
3.5366239811198867
3.5479244835266743
3.5607110886832816
3.571931690368434
3.5833976140190495
3.594362422052197
3.605867872860998
3.6173903473212623
3.628306013593526
3.642022343643366
3.652966832238918
3.6645662869573075
3.67599805034042
3.6881098275442885
3.699932373458369
3.71131754612694
3.7229651046772942
3.7350246229929445
3.74632044570372
3.7577447626360874
3.768945188374618
3.780397272799605
3.793577422471238
3.8026760836679485
3.8657051549952737
3.9063296013962914
3.946857310825565
3.9892056868869394
4.031675733434639
4.050037455185517
4.061501949236411
4.083557285482538
4.089153163579967
4.094161280824772
4.1009442988119105
4.106225278399859
4.111034436320237
4.117506278178097
4.124226180591396
4.130220079632731
4.135687605816975
4.14238025787473
4.148133021572003
4.154308498047078
4.160308639595812
4.165244120990483
4.170688745718296
4.177867470828002
4.183580866341482
4.1894131134277925
4.194813119066899
4.200366969009826
4.206485257211708
4.2120080182767925
4.218568124702241
4.224012683085825
4.229923024876439
4.235483616762031
4.240287501735703
4.246702130315416
4.252159652851736
4.2587640318385835
4.264698283687101
4.270589648924626
4.277599114196334
4.283548771372515
4.290170335414238
4.295283049430206
4.301842578288987
4.306978066865877
4.313813040271073
4.320188714576073
4.326764095551203
4.331967956504413
4.354784505516284
4.385625851941393
4.39131511475339
4.397702741024657
4.404524572673156
4.411187072957644
4.416474715749688
4.423901027351619
4.429449909708721
4.434771827813538
4.440979470118748
4.446674827701454
4.453566098878549
4.459439082980525
4.466172221224546
4.472865535395505
4.479785732416782
4.486683448586424
4.493653150747438
4.499799157758342
4.50780498469081
4.514341915909725
4.519862800602367
4.526925618612527
4.533562180916168
4.539777953100409
4.54690647711326
4.5538935551965585
4.560459734076848
4.566991094663742
4.572642132352543
4.579363447718925
4.585818669354134
4.59312731537166
4.599637081803597
4.604954211961413
4.617445249255701
4.642888998916471
4.662750827106799
4.682547471290189
4.695079088708871
4.7003198704206905
4.70570992717721
4.712501698186148
4.716966729742419
4.7220654755821805
4.72703476577183
4.740686575192527
4.748786086328886
4.759137390535249
4.770392007131205
4.782028119419875
4.799674703666398
4.8171195702734835
4.834872275128015
4.85275367321764
4.87091427112339
4.893035639752903
4.910948385792633
4.92904266237091
4.94657920090182
4.964201803290248
4.982452708597711
5.004561869928518
5.022632929221132
5.03410563200175
5.061185847849358
5.07447347793335
5.094339327077002
5.106847500132597
5.117808523398287
5.128779434779041
5.140284188685478
5.149623513805781
5.161193924414874
5.174213018414755
5.201975231209651
5.2140591894157975
5.227448917553939
5.238745958133151
5.249733360867383
5.260645044488457
5.272183166446915
5.283535662551133
5.294899168999786
5.315808446934609
5.327867731556691
5.338232880307735
5.349259542947554
5.360534687661974
5.3848922753124855
5.397424616573555
5.40877232172131
5.421187112307497
5.4326490006288415
5.444777718121855
5.456114985867864
5.474610577380358
5.492738791909617
5.510278844321541
5.527831538798249
5.538274239578476
5.550710717147505
5.562250437620625
5.573798920557848
5.584694161959464
5.594212613525729
5.6055520182793765
5.640029383918814
5.651547406082628
5.663100621279584
5.674897130457422
5.687022897727897
5.6986166927072155
5.721147697243347
5.727299055101201
5.7334694755539175
5.740314270275091
5.745164316659608
5.750917834695399
5.7575805031581835
5.764615695209523
5.771059848883379
5.776449360887406
5.7836056623982195
5.79056074821917
5.809358471879906
5.814901556437592
5.826970915792272
5.833610026914224
5.840764993370317
5.84594250951095
5.85145680769015
5.862990946457059
5.868355777390566
5.873293659433678
5.887566887602166
5.893015497937765
5.899035674609052
5.904564116768016
5.910853981859299
5.915813973591599
5.921163360819537
5.927233857464491
5.932638225442442
5.943981784403101
5.94928332630975
5.955982604397763
5.962617481565278
5.96926727364421
5.974473026152164
5.979837778162525
5.9850194202315805
5.991122610169497
5.99644865691563
6.001442023641128
6.006301395454769
6.017921465658714
6.023179537515602
6.034231667961228
6.039470050974641
6.044484770025241
6.051015788472832
6.064751631961407
6.071727713422323
6.082648843532616
6.094174549040593
6.105661874166652
6.117122899862737
6.12861998700965
6.137814645232812
6.148742036012547
6.159656488728744
6.17015404874279
6.182177101104582
6.204081961156806
6.2155519549978
6.238614587036464
6.261212864466721
6.284290566601986
6.296027589351225
6.307916242855603
6.319509381040354
6.330918177046204
6.3423909194504855
6.3547388044947715
6.365584459259221
6.377052575113962
6.388435132057766
6.399935341563311
6.413789787027297
6.4258479287588735
6.437957845019491
6.4498859187141475
6.461355315597477
6.4743808031255945
6.485354697308275
6.495604970827298
6.507410074817318
6.5193378402307935
6.530532562508517
6.541944999007766
6.552869767162948
6.565814430858741
6.579697813654123
6.5927108236074465
6.6108741418242865
6.629489261007801
6.691810997446831
6.739049137941333
6.797458827538729
6.81512992815891
6.851895450584601
6.857569794833475
6.864416979431186
6.8690947018900745
6.874169790303823
6.87947152921353
6.886482887863975
6.896286190510233
6.906605053014358
6.917022524592979
6.941497997511426
6.953027076525199
6.9643562892749795
6.9758636876878475
6.987316412129513
6.998422561441582
7.009544493987868
7.020732496367675
7.031743491748732
7.043470889441074
7.054951164861712
7.067522879284125
7.07896776802801
7.089949879740544
7.10173810311387
7.113163735843712
7.136955086352094
7.147040938788579
7.159088499740055
7.170678740038188
7.182104912832022
7.19352825274496
7.204953963365301
7.216466454986254
7.2279148587688615
7.246640056381241
7.265109505760936
7.28407448181356
7.3045403727026335
7.32276834075053
7.340725799592999
7.360958887592055
7.367662442235948
7.374272979391156
7.379792334020663
7.38572737950278
7.390459113233786
7.403628280225882
7.408770083249547
7.413622560767266
7.418852697002519
7.424294896460274
7.429690042732818
7.4349575197102755
7.448157490873293
7.452946930985038
7.459964065666819
7.4663372654235385
7.4841673112746285
7.49515079433632
7.506663656369273
7.519208478225724
7.544713011793047
7.556178244509587
7.567467880868948
7.578627418333917
7.589843443497457
7.632976814713393
7.662997405681032
7.693300133304071
7.711741509348238
7.723030337386559
7.734639962360984
7.746076094240768
7.757481688708991
7.768934085201409
7.780978212461835
7.792382123185939
7.80381004733434
7.815786010150655
7.827259189612923
7.845645522681419
7.851376009910365
7.856689706209314
7.863311742399905
7.869789738618913
7.876667136902303
7.8822753888637855
7.889249651842383
7.894732608800291
7.909413759639673
7.918513105498683
7.929383775192209
7.940503443832043
7.951518087115872
7.960646718530243
7.970088274924486
7.979597304035625
7.988845201496407
8.00017299040473
8.011174599172607
8.022331764862964
8.035576192083806
8.046975434618291
8.057751727437982
8.071187171165818
8.084518110286401
8.096122301750523
8.10769203749527
8.118819832807201
8.130251331360778
8.141661997677826
8.153439022177668
8.164874301091688
8.176769614307924
8.188083689708062
8.199770122489022
8.210982637053899
8.223075465496287
8.234772393961101
8.246021198546387
8.257590393444135
8.270097615631409
8.28262816435222
8.294331060702453
8.305117612497524
8.312211195692846
8.317479276490126
8.323008945539069
8.329509526145522
8.335960281570545
8.34242705306354
8.349265360061016
8.355934003437502
8.362398715387126
8.369567798731726
8.37668658332458
8.38247152853724
8.388363098683223
8.3938617024452
8.400249556935293
8.412000073262428
8.423587243839366
8.435648279391762
8.446869258005282
8.459015035411124
8.469122410202319
8.479432288822968
8.491941787490415
8.504346900404713
8.516011735474951
8.529538105906495
8.543239119380504
8.556795589137735
8.569859987130659
8.581153596399243
8.592652896903008
8.603325124557694
8.612521840920586
8.623759812787899
8.633347347612593
8.645710749374114
8.656784579927459
8.668099206876928
8.681495767880216
8.692500376295666
8.704974302488862
8.718725811176062
8.730116431651847
8.743325624606065
8.76547450591199
8.777543522662027
8.79112339929796
8.816261895311543
8.827713731250592
8.839184904278214
8.848379530423678
8.85764978761909
8.871375161311821
8.883392274990793
8.895485129765634
8.906574929529452
8.918322494232523
8.929832980062164
8.94129913267573
8.952327149622942
8.963740037526602
8.975190711260002
8.982242241104654
8.988100798160229
8.994072695313285
8.999638899316686
9.005809985609917
9.010757403559369
9.021994709110835
9.027788275957166
9.043939961036598
9.048348146385585
9.054880407246051
9.066333367445129
9.073350252963191
9.078733320515356
9.085301523467164
9.090746195083932
9.098403981002841
9.103691534822838
9.110669922517038
9.116132192288966
9.121777361171418
9.127258952330747
9.132710491112151
9.13769098917572
9.143654506704241
9.149207330927977
9.154546546855775
9.159993746032944
9.165386889925133
9.171038799935229
9.176434623270096
9.182577648696949
9.187926345931068
9.19441087486064
9.201166232313009
9.206097590661734
9.212864901149358
9.219907996312209
9.226867195958492
9.233691014713871
9.240611798857593
9.246178466323544
9.253181619601328
9.322019665711695
9.36488003293309
9.404671652222389
9.437906404659417
9.471432862823988
9.489590315537034
9.507546000772205
9.525499918384348
9.536901995880978
9.54814445362288
9.559546150077882
9.571648102432436
9.583001161010788
9.605915420414341
9.624254294776046
9.644248905181108
9.69842094854758
9.710609588918153
9.722125670905337
9.733161896151547
9.744132834510108
9.754289719973016
9.76736349051568
9.779474514202448
9.790360210686526
9.801198053877037
9.81267719872947
9.825302088770716
9.834359779411987
9.845926834772197
9.855234855626454
9.864460779523421
9.87593804319584
9.885253555674623
9.896800779537086
9.905960417571881
9.915661235697987
9.925948109177734
9.94645706373816
9.953100230731783
9.959708812670996
9.966319991112439
9.98821232685347
9.993317853050376
10.000245757280577
10.004786231105895
10.010348473404127
10.015146275328721
10.021689560322365
10.027354667658607
10.033171712768565
10.038551353292037
10.045326075160816
10.0510766813888
10.05561418512975
10.068055002242808
10.073985843026069
10.07944867599734
10.086082301720456
10.106125587089933
10.128933429713133
10.140777003678375
10.152351783123189
10.163663379628888
10.175676853628719
10.18661016319096
10.20060860253929
10.231727157879433
10.252424947838938
10.272607000980042
10.295018119473754
10.330967491993487
10.349146468423074
10.36719692200533
10.384681857091424
10.396191624710402
10.407734663128606
10.419207336950885
10.430680212941832
10.441898560558629
10.453300615123768
10.466893968092535
10.49151209613253
10.502877278539392
10.51548965076741
10.52654888041548
10.538081718423005
10.547230994306284
10.560816763568655
10.572616087276849
10.584682811187102
10.596295385656397
10.60797575544776
10.617977031456757
10.630515017583939
10.642030007577317
10.662390520271842
10.674491720145651
10.686152122932263
10.697301105298326
10.709025305517873
10.720968695095262
10.732918879613097
10.743900739397946
10.75538665624665
10.768007940206669
10.780043128568359
10.790968492392757
10.802460020106958
10.813514560701538
10.824892296436941
10.836259722565636
10.848045311481629
10.859648666603029
10.871634637062158
10.883052145334789
10.89560050511568
10.90776453820678
10.919303825156176
10.946953820278283
10.958387507673935
10.969335794682477
10.980552357423328
10.9921353817841
11.00358781330124
11.01611658884653
11.02526594333775
11.036646664355997
11.048089049442078
11.061684778640958
11.089137029531063
11.123994027782826
11.16654887805613
11.196752407394676
11.214715537530726
11.226330371968022
11.237596644519387
11.25902910891001
11.264673657530365
11.27088330510707
11.277479785614734
11.283444576191092
11.289381705485988
11.29509701673273
11.30084648431271
11.306628295171256
11.312591905179872
11.31774902320062
11.324126202157611
11.331088275236915
11.336983753901626
11.342907479641145
11.3483286667584
11.355075025915491
11.361912110567173
11.366767682760228
11.373400353404223
11.380269796403823
11.387169779023674
11.393848704056092
11.39933594524867
11.405203270653631
11.410739775883235
11.416889358297603
11.427816593176233
11.439037311406818
11.450797449485947
11.462252545338131
11.473556409185777
11.484892227285247
11.496480387928674
11.508242630385487
11.519555499322088
11.533098403965571
11.542333636431758
11.555741531003873
11.565888845600233
11.577877193913908
11.587236641863724
11.598583324593559
11.609981582829281
11.620938243219262
11.633475645840434
11.644826102256056
11.656397419742298
11.667600112680438
11.67874550874735
11.691880965056406
11.704779846542507
11.716067776504726
11.727622398784085
11.735085189154908
11.74119950599917
11.74828800820561
11.753809446436508
11.759172014300638
11.764232379218171
11.769197806084772
11.774363783770614
11.779371567537135
11.785887399962169
11.791314779945653
11.802151586763213
11.807137318865088
11.814170786066391
11.821333413866222
11.837125974342339
11.844096197007485
11.851025961894077
11.857777233978991
11.87187413527356
11.877440187589315
11.924018661141401
11.946846248643938
11.970191997514382
11.993050860010737
12.015559989305192
12.028980864900735
12.047889166408691
12.054346408398171
12.06127353640947
12.067710304408248
12.074701866930685
12.08017798672153
12.086020917044266
12.09263826146754
12.09920456678238
12.104401652144347
12.109787512307298
12.115242449933485
12.12007520249336
12.124844659498617
12.130650551861372
12.135863229281323
12.142292263057556
12.147495665382023
12.153292711569655
12.158771520886894
12.164330937736347
12.171103124675433
12.176851635960825
12.182632910718924
12.189451206789165
12.19496798618756
12.199811077706725
12.205040423383368
12.210695607193784
12.216071523934627
12.222837303107534
12.227487365424919
12.23907792643312
12.250595176949457
12.262590245736202
12.275226135171241
12.286573688202122
12.297869178589572
12.30919141764614
12.320768914755593
12.33276971289994
12.357453312680297
12.36954902873087
12.381040895669878
12.393123302471318
12.404191552230712
12.415463258634855
12.426659904757125
12.438207261895794
12.449213893836541
12.461229862746874
12.472192954614817
12.482561073893308
12.493913608210319
12.505259179152981
12.522743845845357
12.540726694309267
12.55854361796978
12.576708660250075
12.594618506583513
12.60587762388608
12.616883969093188
12.628147706747619
12.639072518494798
12.650465540293466
12.661931618067111
12.673793141565035
12.684741861060344
12.696435877497075
12.707904843772747
12.71929101222429
12.730798487639202
12.742152527648342
12.754266872004997
12.765827020292733
12.787931596952491
12.7999154992425
12.812432376280174
12.823501962445162
12.835071563296205
12.848482615268331
12.866144758649561
12.883965369072643
12.905994514937115
12.916983673480289
12.92741132480666
12.95164322893153
12.962398635739936
12.974867382172153
13.00082794220077
13.012461083396452
13.024516198223118
13.035894899777073
13.047336839792019
13.058574017897877
13.070132733663904
13.082170746061806
13.093446640206713
13.105148816795884
13.116582821399238
13.12855176031085
13.151258117485574
13.16232128784141
13.173971641322783
13.187647316545567
13.194566907347731
13.201416136769128
13.207915363659419
13.213699210201254
13.219446157969466
13.225049953478234
13.23062983024918
13.237519065109758
13.242621250321417
13.248437940916395
13.254051317741625
13.260673919556437
13.266229698837316
13.271154917111884
13.278198447418427
13.284638195660724
13.291661111340883
13.298648719058157
13.304124457354337
13.3167521995141
13.323560626148033
13.330369359634775
13.336643877535257
13.342544428223675
13.348106489627694
13.35350223674476
13.360137408423144
13.366183136572886
13.372303861166383
13.377663907206353
13.384229978845468
13.390864068164232
13.39754705729208
13.404053622598852
13.409390962318389
13.416410042354064
13.423470216275105
13.43051381083299
13.435966511443665
13.441937277910732
13.448959599916677
13.454307225233592
13.459556250972385
13.466539129004339
13.472354579929434
13.478797396081914
13.485395299506504
13.491867711224863
13.497094214276057
13.50258756793042
13.50790776939549
13.51440604837516
13.526529201054963
13.537858963975996
13.549488041121387
13.560999275977442
13.57294589077612
13.584955774925989
13.596030018717933
13.607438034901975
13.61672110238652
13.629792743380087
13.636430616424947
13.64339254485764
13.650023603332961
13.657038348073689
13.663666636353593
13.670462554461187
13.677165348189169
13.682599517088141
13.68803736624332
13.693421253807966
13.700117586622602
13.705607067086058
13.711059330274034
13.716114915072671
13.72153766186874
13.73589409721055
13.741294426700227
13.746790206572909
13.75178344109343
13.757649341726587
13.771647904213973
13.776209064758115
13.782037979412687
13.78647702037328
13.79265992235
13.856352128334489
13.892013907680369
13.927311629190593
13.972996072212052
14.013061621594165
14.033289749344206
14.07369335868024
14.08622150221986
14.097577881371189
14.109028732005065
14.120690257889617
14.132271720716192
14.143773046780764
14.156282332956211
14.16772614127178
14.185777702199307
14.203794212594222
14.222347053931069
14.256876370450032
14.27044927688582
14.28398376354368
14.297268328842938
14.319720957842499
14.337960152435029
14.356631035603709
14.375213435400031
14.397368551215191
14.40943133763793
14.420964365411235
14.432456845633828
14.444558764101332
14.45585772902247
14.467903551259923
14.47899420568805
14.492651352441582
14.506298546210454
14.51786600933983
14.53115193277819
14.544262902327002
14.555699868754482
14.566617428905614
14.577602930937829
14.58930345271086
14.601215357847932
14.612807199700889
14.623914327019202
14.635383475421534
14.646724268941904
14.658097609038492
14.670127662920871
14.681405367909834
14.692792000943763
14.699244136079718
14.705138565424186
14.711154758756575
14.717649989110292
14.722955926394969
14.728089964653748
14.733474552480281
14.7406145561381
14.757849731534023
14.764461649991054
14.769824234338852
14.783255117638108
14.788925233806548
14.812624924332125
14.81809842128092
14.823591170598924
14.83051388591514
14.837569349297635
14.84616690384106
14.852810774706478
14.858671848762999
14.865313892431015
14.871836386848425
14.87882998139142
14.884295127141861
14.899150573149933
14.90579313661919
14.912422664160049
14.932671491558358
14.940936817817997
14.946400355950539
14.952830682679808
14.958956674261552
14.96592586484298
14.972442864832024
14.987476555590366
15.001761745387586
15.010277787878735
15.017352730853005
15.023726344787633
15.030448984451372
15.037177643085169
15.043591683706316
15.050574549734598
15.056488407003101
15.061887771659537
15.06787669819169
15.074418635752933
15.089626749224738
15.096160909037401
15.102052589245355
15.107545178211724
15.119715349785183
15.124915807436627
15.130570676151494
15.136409923954638
15.14333895379829
15.149681790967206
15.156423448670784
15.162646711263406
15.168144480184207
15.17469000309556
15.185019245655932
15.195078464996758
15.206107154075363
15.217505972329736
15.228400175402848
15.240990309013709
15.253435893663218
15.265354312012674
15.276825519691027
15.288296671204572
15.299752061886176
15.31331558673363
15.325141536269616
15.338757188167538
15.35138074664855
15.363898160428036
15.384574955618461
15.397170887398573
15.40980222533226
15.425565098697854
15.436612605773798
15.44806395617957
15.459443203835264
15.472932253797012
15.486481936436059
15.497890129222187
15.509363565496392
15.520192879931935
15.532036983577532
15.543302223758323
15.556658391365866
15.568140474684931
15.580681927154595
15.592025273563127
15.60344783069883
15.617063568643733
15.637587268772847
15.658191085316203
15.679648745163293
15.69996673715875
15.711020517942645
15.722531328100452
15.734530492224934
15.74604452340303
15.757596106528316
15.76912099266402
15.780481310446808
15.79294247078283
15.804688568791248
15.827592421212795
15.838564716866038
15.851170322542307
15.862684894335636
15.874085818457878
15.88582989338015
15.896119939188631
15.906786810149015
15.918713697220142
15.930195032755249
15.942048388297989
15.954679272886127
15.964617474884284
15.977231108734305
15.989252550566293
16.003120039682543
16.02365332396513
16.02999083578834
16.036419063653554
16.04235675198654
16.049172075583574
16.055711896917654
16.06716179549349
16.072512995657085
16.079084832707732
16.085780463528106
16.09128920064996
16.09709841836074
16.10239892965192
16.109198096975103
16.1149991606762
16.13187832850833
16.138695169349777
16.157336423849117
16.16409951459028
16.170664967958515
16.177136606738262
16.182702997932157
16.189497587422174
16.19564069422692
16.201887512607744
16.20844076718393
16.213538177686427
16.21862329128904
16.22365533370199
16.229777813038034
16.236203236730322
16.241742582900752
16.247886556464668
16.253344047965612
16.259263553888434
16.265073033802594
16.27088076656134
16.276388176359166
16.28235445087048
16.288401942734847
16.295398847026163
16.300851637526495
16.305749891353656
16.311979624918592
16.319323250458865
16.324839897840892
16.329837112740723
16.33569724337414
16.351422858849485
16.35849207680353
16.368893759851815
16.380230163722576
16.389317259930813
16.402760116735454
16.412189690029155
16.422804464114613
16.431883224170562
16.441069941844663
16.450286405832976
16.45764294507003
16.475896517742846
16.482922476539308
16.48989931389822
16.498212272614253
16.506246625482007
16.513348303325845
16.52001866662687
16.526371792313885
16.53365434812334
16.546702512847872
16.56602521240641
16.576846286714662
16.588672897675337
16.600130757186996
16.611442166040884
16.623918048060272
16.635400413557118
16.64839951549271
16.659388333094814
16.670863308259833
16.686595977572285
16.70476827428683
16.722910630814628
16.7398473841489
16.75821620811654
16.769610497162745
16.781171640273442
16.79946970555057
16.810343034244077
16.821750812577697
16.833165961026243
16.844630829881332
16.856336221320905
16.86783992623548
16.879155811164296
16.8905341576345
16.902513305866876
16.914955982074467
16.926024176736192
16.937354735416523
16.94653725873315
16.958001777276458
16.971499632195297
16.985123973487354
17.001990462707212
17.013295869029914
17.024290623283257
17.03628281917848
17.04883078258356
17.060302785228533
17.071445573693396
17.08274462820537
17.09534546100894
17.106778993184054
17.11841071118503
17.129774172824735
17.141228108073264
17.152248356517397
17.163681332443705
17.175076505180712
17.186423785000713
17.19770837143358
17.20904242321085
17.220560420979854
17.231538232023624
17.25459313822358
17.26449834193018
17.27536913865628
17.29724668741271
17.309805884395576
17.320177734222636
17.343166486808627
17.354690749787757
17.366178470285384
17.37541908646579
17.386408991505437
17.397945077305742
17.410826592714653
17.421956195700364
17.433425073008255
17.446443301698555
17.457360413533742
17.467162971856713
17.476372359662335
17.487775911894072
17.49925916284615
17.511359404331674
17.522610316335175
17.533799603253005
17.54525613279787
17.557796541138167
17.569762555440988
17.592378641518554
17.605189329656678
17.617047436153616
17.628510879704947
17.639415000831395
17.650913199082797
17.66248219306133
17.6738104619474
17.685022643086988
17.696915655348977
17.708300256443636
17.718710656962042
17.73007345269883
17.741511758407597
17.753649462840578
17.764586235144467
17.77686008980859
17.78846729505117
17.79979893783425
17.811231515211297
17.822600172302884
17.83418703879671
17.845680076501097
17.856993758707265
17.87066771207641
17.881596671891252
17.893110579986708
17.904363154032286
17.92705523115424
17.940708833880905
17.953594915116913
17.964743532507352
17.976260814398266
17.986521087497078
17.997911961515545
18.00903497390454
18.020614292885035
18.033229061440938
18.04465728389071
18.056129734518525
18.067636063234215
18.078611970067456
18.092820666258707
18.105484639987388
18.118104994099735
18.129133137928545
18.139902105811686
18.151925449642654
18.163386594556197
18.174690778341127
18.18494808578773
18.220308692773795
18.26029523628562
18.280868743584385
18.293324556312115
18.30479110626107
18.316244493159047
18.32759270637108
18.339192603746724
18.35706566739761
18.377064815247053
18.415663626185808
18.436110434171784
18.45563963333088
18.475594262185563
18.48628362550941
18.497182814730365
18.506432025571264
18.517052731846956
18.528468057508718
18.540452615036074
18.55179811535889
18.561047348455887
18.572440627157242
18.5816814956801
18.592225898634382
18.60333504325307
18.6152347496515
18.626310869807273
18.637817051597523
18.649796396041285
18.6618453203512
18.67489499683124
18.686861868916445
18.71382007476772
18.72531428789833
18.736881550903284
18.748339597228096
18.759869107982478
18.77169720757876
18.7836699069179
18.795132170241644
18.805375746452683
18.817337374075084
18.82849855093827
18.837694167298224
18.846437228089822
18.853491480441935
18.860927738656184
18.868538874066584
18.876620211825323
18.883751865048026
18.895105589306485
18.90711256812456
18.919547098138473
18.93070397475167
18.940044685246274
18.95355286583707
18.964963922305984
18.976593982809412
18.988142326072058
19.000169037326987
19.011771118050007
19.022222142171078
19.032647596592565
19.04303274242715
19.05228489285793
19.0643793066777
19.07564285633441
19.086993393641208
19.09805168755909
19.110092480851346
19.120956423995473
19.1411890426626
19.16130123813466
19.18138194334544
19.199617301719975
19.219699447146876
19.23725533313983
19.255267984858847
19.273171973863548
19.29141561424481
19.313699148713546
19.33427124529359
19.3589485270624
19.3770310034048
19.395015162415298
19.413276462340875
19.43136412858742
19.448893058968455
19.465481852800306
19.47956030407535
19.49567261761951
19.509423762535235
19.520514418389016
19.529750211386855
19.541205568151803
19.553356968079704
19.56492209226287
19.576568514249097
19.587775935304414
19.599156802361424
19.610850979570568
19.622928478298363
19.634312795569755
19.645344764302948
19.65895624406777
19.665022473705505
19.6894420016307
19.69493692054997
19.6998025039478
19.705669837878474
19.712217379537346
19.71759492135157
19.723020786613485
19.73586234685619
19.740858786516416
19.745736302974823
19.752290810372944
19.75884457843151
19.765348664359422
19.770775107747642
19.776035653045824
19.781122440940802
19.786513918468778
19.791798955473556
19.796963732179222
19.803203744763348
19.80850771338514
19.815140588740764
19.82024439091239
19.826899900599702
19.832744389112165
19.83812910888208
19.844686987730967
19.85060442076001
19.86165905396773
19.873284339117063
19.884433136557092
19.89613078423083
19.907465044743834
19.91882930266309
19.932786921819158
19.944152027136848
19.95559400311012
19.97458245566923
19.99289348688658
20.016224911738735
20.035991239550974
20.05629698496962
20.098465638746088
20.11793813195156
20.172165721837246
20.19071270985669
20.21083850135762
20.246539080443092
20.26942262552729
20.281902829967795
20.291739598078674
20.302111841103844
20.314980587515254
20.326475079558442
20.338079631787615
20.351064262713745
20.361964901408555
20.384630656487303
20.395551126390295
20.406453101990557
20.41804085232867
20.42966694569694
20.441129118189245
20.45921171256624
20.463937673264738
20.469345551217316
20.47617251622827
20.48196484753138
20.488824988942348
20.49601730465069
20.502413948020155
20.526597102331976
20.53651131879692
20.547628846172397
20.559261423815773
20.570415041775938
20.58239730402336
20.59166538159578
20.60274851511433
20.61517036313986
20.626798982910675
20.638339267902246
20.649831585654642
20.661219234366904
20.672740438327153
20.68369123872742
20.69485909892894
20.70766761773185
20.71897872199715
20.729843040701127
20.742519526569833
20.753021120058275
20.7635083946263
20.775112929278492
20.78661739257854
20.798458807748375
20.809801099503336
20.8208922185522
20.832265489185932
20.843185284931323
20.853702587266447
20.86521655330273
20.87724585494505
20.8889286242769
20.900406420376463
20.9108261129013
20.921355928930772
20.93390838868387
20.96740869383651
20.988965871280058
21.008322125218648
21.020215660084652
21.03269250521423
21.053436770881092
21.065583487102707
21.0769749775353
21.08933029452064
21.094409534894105
21.098797181701816
21.103553925117634
21.108885568061556
21.114570361445033
21.120362758009325
21.12589327079984
21.131777521379497
21.137396200209242
21.14291639013207
21.149873679900118
21.154832262843907
21.161503231849746
21.16821390494381
21.177482529189692
21.18879870281096
21.195824752104425
21.201458941535265
21.208461901115154
21.21652319357515
21.235762839724938
21.241216082469045
21.248292411011022
21.254141619290944
21.259413475530202
21.265861693106807
21.272832091781027
21.28534054807359
21.290807243501703
21.296988229474945
21.303064789269882
21.308447473256834
21.314971092790913
21.32589260121104
21.331409344096144
21.34239344756535
21.349266433193932
21.354783307968635
21.360663885771398
21.370480193145344
21.377035918270064
21.389759308569225
21.395510017918454
21.402364623330378
21.407989136757156
21.414415392064775
21.420127289112134
21.436166796775545
21.442515836405914
21.449315670115258
21.461001568314966
21.472434016409167
21.484422307533862
21.495862775220616
21.507547158973566
21.51959130640948
21.531632497630184
21.543784385478336
21.55646868706989
21.56621748173602
21.578378435683664
21.590370704122197
21.602166380279566
21.61349808547734
21.62358243120336
21.63418208755932
21.64511265224374
21.65712796281631
21.668383559272574
21.679441979095298
21.69999721216559
21.709092946584438
21.71905928876555
21.729414496456954
21.739359363229365
21.751497486660345
21.76376540812964
21.7765652172676
21.7870573202624
21.798364957781853
21.810913341635334
21.82249556170347
21.833910987914823
21.84512381232917
21.857014848378746
21.86851140946593
21.879711715090725
21.891120079296325
21.90256720264846
21.914548355151126
21.92704553677987
21.938997223499925
21.95255615925898
21.96296331419814
21.97286141714942
21.99887489556701
22.011657158517647
22.023300399219572
22.03540767725383
22.04638538404898
22.057353701759094
22.0686579989471
22.079933869390675
22.09123688662049
22.100615059229714
22.113091304634203
22.125267595590834
22.13734587534817
22.148724599370805
22.16274010446996
22.181317776534886
22.19876211250691
22.216931948601847
22.23494749441521
22.25468584023123
22.272685989774693
22.293280318204676
22.313287391369716
22.323353742420867
22.333559402971243
22.344106898469786
22.355318404378064
22.36490831508197
22.37582839696486
22.404024307041354
22.42101256834574
22.431876736350684
22.443367243516807
22.453381155960667
22.464914656286822
22.476809053509704
22.488116236020666
22.500490737548137
22.511871748464895
22.522858925097236
22.53540412013816
22.547496121421776
22.559994252903742
22.572500061960028
22.58398885706144
22.59653319586161
22.614494439001387
22.632062411651365
22.650144339066472
22.668218315787467
22.686121656553524
22.705873366176956
22.718841748427806
22.72981689083419
22.739685614979983
22.749645422357133
22.761819704707275
22.77268962347294
22.783519542584436
22.794920452441904
22.80646444068692
22.81956003688707
22.845489769585132
22.857369087823596
22.88010549699064
22.89210069543415
22.904596609953106
22.915659400863237
22.925013274182817
22.93648186778077
22.9487330575161
22.961142999324604
22.984826524193718
22.995440863829238
23.005225186571067
23.02838730316131
23.040918372846644
23.05241455798967
23.06556996022741
23.07051495665753
23.076467371167897
23.083147301910284
23.08865194740761
23.09868879395763
23.104070996742813
23.109448733858148
23.11586729459186
23.126209583138436
23.13281863943782
23.14402952365759
23.150580617355264
23.157628166930483
23.16306452613437
23.168404543538852
23.173380611906296
23.178835681071607
23.184845164742548
23.189698508153295
23.19492636482366
23.218681347847703
23.23079703926488
23.242509526893386
23.254515694533975
23.26534364452624
23.277341727805165
23.288313383667187
23.30105026463863
23.312588520633017
23.32464441118709
23.336138301420416
23.369564321164948
23.38168709247763
23.392724140171246
23.404296232146052
23.41460010363611
23.424806165314248
23.43452051505544
23.444783811058244
23.455074911497857
23.466176485454117
23.475109193561742
23.517490336216067
23.539731942906734
23.557715958475033
23.575643638736896
23.59385597238891
23.639359436618456
23.645813180830732
23.65168510537547
23.657202736555995
23.663087838986602
23.668166189119667
23.67493533966558
23.680671057316907
23.687462788092056
23.693024805757997
23.698349237912847
23.704846929602265
23.710421262509534
23.715892231681387
23.7211715244259
23.727847199777543
23.733022437252856
23.739605080520374
23.746664021292627
23.75368459102588
23.76085749269556
23.766664709608037
23.772121606528966
23.777128227799807
23.782543334405034
23.787945817550636
23.793638770883042
23.799341944337854
23.806201888110675
23.812111363676593
23.81761273229827
23.824120946418503
23.829576321756775
23.834968209421863
23.839904061481025
23.8452001341552
23.856802976483454
23.86241466660295
23.868175309873322
23.874654225935164
23.879212465148683
23.884467862902113
23.891043320768365
23.89645360097911
23.903086739113427
23.90927312954505
23.91441945397924
23.92097957933659
23.92652834837102
23.93204800101541
23.938581427561154
23.94511832854886
23.951307136181203
23.95679222400017
23.962245252658672
23.968753068890692
23.974066046026262
23.98129792524775
23.987088061597536
23.992894218495763
24.006914505389872
24.01223149918455
24.017781140720892
24.06489311831637
24.0976165888042
24.15933243828956
24.191770972617874
24.20416412708339
24.21560869896507
24.229217269185945
24.240706216143654
24.252752852882498
24.264763226801968
24.276132779093437
24.288602236477228
24.300649807718774
24.311976166815903
24.323426059290927
24.336750122846762
24.34805574791946
24.358824747399193
24.36997223692553
24.38088791305931
24.391938801268424
24.404420868537223
24.415877918930263
24.427966872544786
24.440433530600963
24.45124556488782
24.462697440257894
24.474098164459306
24.48551734328129
24.495465500513426
24.50745212812793
24.51861653033124
24.531158015522895
24.543855368553075
24.555001045816116
24.566618151573778
24.578038971489978
24.589073022088375
24.60013916897444
24.61161848432975
24.62253521332221
24.633363488778336
24.6449533831809
24.656462068028578
24.66746187463385
24.691958387810384
24.698503313169773
24.706939466759593
24.722396864364086
24.729325757084116
24.746597301195575
24.758043303665406
24.77092745861292
24.78430815519642
24.795304316850405
24.8066269060852
24.818614109784978
24.830510329808206
24.84354288369208
24.85413565272037
24.86450338383594
24.876566956283764
24.900398249326944
24.912839256872306
24.92384764081652
24.934810420616866
24.94618194087112
24.956551673628862
24.966937716908227
24.97905926937514
24.98871879607037
25.009310972729974
25.027265341155008
25.049749253775357
25.068268374775435
25.079712198635907
25.091788784490593
25.103043361774038
25.114416202647018
25.126569476186
25.13788612983433
25.150341261940085
25.163256607611665
25.175309853489008
25.186711803064707
25.199593796786175
25.225888017207954
25.237839303289082
25.24768148589888
25.25868123885152
25.269959420211418
25.281024318163052
25.292908471067687
25.304917969271408
25.31793544788968
25.330417525225155
25.341110694890908
25.353143274174393
25.364099023030448
25.376144162782985
25.38805539405419
25.399578985673315
25.41110026680669
25.423695854160567
25.433774318435077
25.444058522537386
25.45609573888833
25.466104425121628
25.48419799270598
25.4976983809403
25.509153556115137
25.520661766913644
25.53156384609827
25.542434581147
25.565047423089485
25.57206542732582
25.578714546516395
25.585027914114
25.59165606602151
25.598347242587888
25.605126630301452
25.61151968462863
25.61857889402959
25.624649761349236
25.631674464552205
25.638260557406216
25.665597018268468
25.674555181000486
25.68486267726462
25.696307173809576
25.707776811077764
25.718823909484374
25.728902986361877
25.740395219108905
25.751818685557257
25.764346800093186
25.775670750199076
25.7871425391647
25.798982208190818
25.810925991452955
25.822427914189706
25.83391835304885
25.84533657004443
25.85890250153732
25.87248915419702
25.88396397029909
25.8974728706349
25.91097634908886
25.922506678799383
25.93390043199481
25.94523765923268
25.95662175199726
25.968059592026375
25.979434323906297
26.002307555249768
26.014871672040094
26.026334486034905
26.03793485319459
26.049331047287204
26.060741926306115
26.07330656146801
26.079729392378336
26.086512891625542
26.09364533526562
26.10980727606936
26.122961500879313
26.129513344730483
26.135542980872003
26.142105956194357
26.14887602258024
26.155562925732617
26.160812007269392
26.17208227421747
26.177508978651428
26.184428016620032
26.191353885970724
26.19696036298312
26.202771559131747
26.213326081842602
26.21837931547854
26.22491105750781
26.24187799660855
26.248126995865313
26.254547130187508
26.26109013740175
26.267088827089438
26.273642580088975
26.279603984537875
26.284513366138956
26.291938645393962
26.2973683986174
26.303307988304944
26.30819452860622
26.31515687903865
26.322276244456532
26.330973141366577
26.342318913083325
26.354436167163154
26.365663487378608
26.376512166106828
26.38761181627686
26.39892302122417
26.408103188442205
26.41922461304391
26.432119392263647
26.444202878869024
26.45577023590997
26.46669162959009
26.478220773884882
26.489636460145743
26.500857095175213
26.512281022537216
26.52588367618496
26.548895808301754
26.559790857978562
26.57124233138076
26.582528326917057
26.59421843903193
26.60586606562644
26.617460087105727
26.630858765393945
26.64018558373981
26.651571955570923
26.66299826451832
26.674430268212596
26.68587409334435
26.697966139613357
26.70887017273956
26.722089847317445
26.745582855616835
26.756997128359078
26.769465899993357
26.78157752782525
26.793582502110947
26.81684838704357
26.828266125068836
26.840761424089866
26.85277244538974
26.865354779919077
26.877221332786515
26.888709156955922
26.900189698353003
26.920802859505034
26.931724706806573
26.943621101371942
26.95507406773307
26.967556236316717
26.99439045360835
27.017094557307566
27.05122248401465
27.063601047194748
27.074946043728477
27.084322460337898
27.09571431822813
27.10492283147886
27.116972437582906
27.127972851852125
27.139399443006614
27.14859413057176
27.159979214149462
27.172595018137567
27.185114515808234
27.19711948821136
27.20859953995454
27.221651586522107
27.232527564888592
27.245852927703996
27.25908173461662
27.27236622092709
27.29055789245654
27.324463212106394
27.336099117024098
27.34857439054765
27.359922098792328
27.372346462024375
27.383502654341815
27.395044758047593
27.406535658228933
27.41750789253658
27.429373254985958
27.436179502652834
27.442419244435534
27.44787007550967
27.454046954353082
27.45946416274728
27.465010849301123
27.47878486644277
27.485460479185548
27.490868705212893
27.49698726697429
27.501893356448626
27.507380925778143
27.513939212387662
27.52011279015448
27.525568151514374
27.53087298138738
27.53711127697381
27.55038977962608
27.555766462649686
27.562747864370685
27.568348845100818
27.572736372804652
27.578703821580312
27.584177294496488
27.590185117356043
27.595889414118606
27.60160561498934
27.607254205524747
27.614166611989354
27.619652614799683
27.624415755659818
27.659022666628136
27.677331795929295
27.694840994032816
27.712362835648346
27.748625967319285
27.76680914260477
27.77826164935352
27.79959120278124
27.8092047752829
27.818621375945845
27.830084219858456
27.84160281458211
27.85526661072272
27.86680395526737
27.87883207349892
27.890343036233244
27.90174074547927
27.912843628852656
27.925468429585425
27.938074658521685
27.949156321658766
27.96046728730113
27.971871399264952
27.983283624536853
27.994213907284063
28.003481062793284
28.01469731846741
28.025732095069284
28.0440903346954
28.04998113470983
28.05652411537859
28.06269846828362
28.068400907663793
28.074714907806058
28.08014877849698
28.085567770460614
28.091436753257977
28.105721056855028
28.111294900648282
28.116599057092255
28.123520717401117
28.13713950481945
28.14854657504661
28.1622097057632
28.175278686964965
28.184989140247097
28.194896235560805
28.20583759225492
28.21773171074586
28.229378662395092
28.250564676913445
28.2609200067057
28.272217327166953
28.283830198965212
28.295820215580374
28.30786840791117
28.319768518607937
28.331276613126178
28.337210264263444
28.342428160857757
28.34756930102415
28.35417972985172
28.359779888715885
28.366250762430194
28.372903848959087
28.377620332303103
28.3823465431395
28.388018680653833
28.397674056426776
28.407770121512034
28.414037547938776
28.418811727498323
28.424404335709927
28.42945061389193
28.43661144218478
28.443605981036757
28.450286107090136
28.457205036089118
28.464076457975985
28.470075056375737
28.47708227832046
28.492810904578917
28.498415573252917
28.509481066071963
28.520926535682307
28.532479060425977
28.545215781402305
28.56979395559559
28.579745735894907
28.59181601522128
28.602856663407508
28.612123016664064
28.625288254065644
28.637333722592505
28.64839076656681
28.65940387625392
28.670354502251552
28.681847690454564
28.69341934321313
28.71468197357533
28.72454192378015
28.73706460585176
28.748655999955616
28.759345921372635
28.78213379996581
28.79429296634941
28.80660819700386
28.81894526818854
28.831068119086822
28.84247633884005
28.85498462791028
28.866986413141774
28.8789424788735
28.89099091507961
28.90342962885345
28.90992347676702
28.91485646250927
28.92193434162887
28.928466602248058
28.934221214131867
28.940629084704806
28.946964692915927
28.965814710097384
28.97178722706552
28.97684088924813
28.98259250842586
28.989624720108278
28.996038656407432
29.00183530660677
29.00754867361137
29.014233004409874
29.01982623574771
29.026894960765137
29.032684598083875
29.03992982849618
29.045693762857073
29.050736983295163
29.06218782542045
29.068143012885372
29.073955881367702
29.079690670780394
29.085187600390128
29.091484228279395
29.098072603701382
29.103353858273664
29.11019352676464
29.116061678593127
29.1215947824264
29.127048231000618
29.132918972900605
29.13880480408479
29.144121398159182
29.150785986219418
29.15653246562313
29.16914950641263
29.195241338120386
29.207332967548602
29.218963025288463
29.23034473847948
29.24236253134349
29.253331626441845
29.265298113199318
29.292374111172432
29.303364687182352
29.313924012683433
29.324278871896507
29.336326226675418
29.346167180891626
29.358631103698727
29.371101393226496
29.381973311017823
29.393410991631594
29.405425012535105
29.416456200286817
29.427827157178662
29.438693141865816
29.450123294521795
29.462136623107625
29.474113873681592
29.485557712696995
29.495506116759664
29.507567780113327
29.525622848881785
29.543603512887746
29.56387760673949
29.582577437034256
29.601126944823363
29.623569360239053
29.63498253795031
29.64619988134846
29.659602061034647
29.66890331026228
29.68034238482097
29.692337841397958
29.703723166526878
29.714804046992203
29.726228499917358
29.737642474279312
29.749080866854253
29.760541802895517
29.772026195702693
29.783066758181523
29.79506646592955
29.807069890020795
29.819338202795603
29.830916432563182
29.84157501226532
29.852528180320995
29.863978006811426
29.876457439614015
29.887428439556874
29.899858207623545
29.911356860651836
29.92278921834492
29.934821952596934
29.94580447607663
29.9566599048322
29.968796856996853
29.98075059329786
29.99244005706185
30.00407245704634
30.015011502806793
30.02539836675257
30.03634298187408
30.047714196337388
30.05904679317793
30.07036515300015
30.082407111801498
30.09444147994527
30.105626653759703
30.11804837942532
30.129636746021912
30.140813638409316
30.152321369465845
30.164308941413175
30.175714903168945
30.187100772056358
30.19829657296358
30.210733388810773
30.22398844819654
30.2383255047214
30.24874860876817
30.2556663020135
30.262330990087985
30.26765819484235
30.272656203110866
30.27850791382512
30.285155902718518
30.296491009377206
30.307405600288757
30.313160400237415
30.31980912901655
30.325149510634713
30.330179828769186
30.33592745713511
30.346907857774188
30.35282602299415
30.359469959124144
30.365438104245406
30.370912277488785
30.38348251062392
30.3897718454429
30.39668119107606
30.402074314328765
30.407502110262
30.433217897876666
30.4400311594546
30.45363733146073
30.45911295903749
30.465031541175396
30.470895206036253
30.488192532972622
30.49943604679946
30.510480291957098
30.52165918450691
30.53305301413755
30.54437439345686
30.556423204126652
30.567800442594546
30.579137693385732
30.592126424445762
30.603693209647563
30.615239663536922
30.626313946349224
30.63991766128954
30.651291149498487
30.663780557650313
30.675279169565997
30.68659219486704
30.6980825188396
30.70965876486634
30.721308580300573
30.73477126182134
30.744564838616242
30.7549168908907
30.767571999333892
30.78120404585898
30.792152945687665
30.801347611061747
30.814985752604557
30.83617278237812
30.8431494884364
30.850097924248356
30.8562970464749
30.862202779798587
30.86961612348862
30.878167770626035
30.885236629432278
30.892837660683114
30.913589728914328
30.926407713753253
30.932956660856163
30.940048751482568
30.947005621587973
30.952677757789434
30.95966381380367
30.967792908293106
30.97369292408637
30.98079214888704
30.989493603024258
30.99610685820721
31.0028041716213
31.021497079348155
31.03298753648394
31.044426397618654
31.055825641945454
31.0670215123513
31.07903574308026
31.090004781661776
31.099261805865282
31.10924000385485
31.119610184726824
31.128528636242127
31.139624404958536
31.151089640352318
31.162304016570843
31.18519215098621
31.223799419084813
31.256569528511168
31.288624257828424
31.308312245278078
31.320868526244084
31.33298155235215
31.3437034546317
31.35507011112026
31.36704055945462
31.378945211099236
31.39039462900985
31.40241497103108
31.414498353891258
31.425920844699434
31.437586727691695
31.449109324753337
31.460531557739674
31.471859386613044
31.483480158150787
31.494868213889916
31.506402555174002
31.51772182920119
31.529123059775962
31.541740782431194
31.554803033834435
31.56621074412892
31.57772363529064
31.591123130244785
31.602641753424397
31.614148878811324
31.626624730221533
31.63707094222544
31.64864481991813
31.660163652552647
31.67207561201615
31.683719039718472
31.694270993446434
31.70660084911114
31.71654380569106
31.72787725623646
31.73929835211394
31.748505564254582
31.76213090976277
31.773554368762124
31.785008536688306
31.79597579232056
31.807455323120674
31.818663018094316
31.82994815232211
31.84323153873244
31.854453267531326
31.866034367865957
31.877387033987784
31.889418040463426
31.900359279907597
31.911087795854318
31.936371940240814
31.956448096294338
31.978679882522155
31.99893204775071
32.03234704004662
32.0437147754509
32.0553620368291
32.06676368869377
32.07774392408819
32.08909604051631
32.100186887532026
32.11208758871043
32.123572203860164
32.1344686418967
32.14578778787066
32.15672965561399
32.16362598655253
32.16919504067462
32.17552561505735
32.18206685420229
32.20247400823587
32.207855743417966
32.21468803852498
32.220735917355086
32.228870805709164
32.24930180609029
32.255939592197464
32.26156205127407
32.272752908383865
32.284203434734565
32.29565578291561
32.30771087602757
32.32578848338355
32.3481355567881
32.36831091395695
32.38796747462461
32.407637162668166
32.41893497674637
32.430384372743006
32.442027542681124
32.454761522243864
32.46564305387907
32.47672981934288
32.49047281553364
32.503574680698634
32.51543281663336
32.55028511812298
32.56230122004062
32.57474653483873
32.58622680289441
32.59745253669319
32.60893381639718
32.62037889892761
32.63135353250528
32.64384209136219
32.65501637060911
32.66652880894596
32.69047863141663
32.70268130775057
32.714788414679305
32.72644465098542
32.737218997848444
32.747285583128125
32.758060960401295
32.77849424649184
32.80327066798681
32.8233909054262
32.843834385176066
32.86528688652783
32.8777962266029
32.890266394880314
32.917095128454974
32.9341802640179
32.97428861140163
33.003894767401064
33.03275065215671
33.061772061941376
33.079493019118466
33.097479528589595
33.1096924807512
33.1216911635103
33.13318101624815
33.14452960337656
33.154842965269886
33.166441524326224
33.17781752058697
33.18706899258676
33.19674680631707
33.206953705922956
33.21795001138121
33.22719972181529
33.23832384938006
33.249433301446544
33.26045355601985
33.27286294727958
33.28543363484236
33.323655121492266
33.33677374987733
33.34880034966682
33.360178589285894
33.370712734474694
33.38161934268782
33.401778141779936
33.42164688090128
33.44173623645004
33.45169315861392
33.462708028902526
33.47414038790889
33.48574942599906
33.49614359825065
33.50659492724404
33.517389445892064
33.52843612805102
33.53991788110895
33.55137477507884
33.56293140011563
33.57449889697462
33.5855612712048
33.59763748528267
33.60912058316526
33.621168815851355
33.632177777710055
33.64356572752746
33.65476346777929
33.66614396764474
33.67702705386276
33.68838275512104
33.69923282174563
33.71074943383232
33.722191120165874
33.73313410121835
33.74455267289514
33.75522838313066
33.76673470787013
33.777861393319604
33.789341226342906
33.8014990506892
33.812387413383284
33.824334724544464
33.83584592324911
33.84782710601655
33.8600157631016
33.87157142236075
33.88241095895152
33.89174996893451
33.90551871074004
33.916938682027364
33.92834593453001
33.93864102220788
33.94963505842732
33.95668928918885
33.96213008474048
33.96749913002722
33.97281095363514
33.978664278645354
33.98376039894664
33.99059761373056
33.99644271220299
34.00717948063187
34.013680593782865
34.02049293708805
34.03177293299448
34.04503994419144
34.05214009856853
34.05918698654815
34.065819326247585
34.07241609117659
34.07907560758055
34.08583757974429
34.092358609271336
34.11644639344185
34.123173582598625
34.13020542645118
34.135973819685724
34.15822553684818
34.165164634784425
34.170541343055866
34.17684435908488
34.183831796393456
34.18953851029165
34.195494210903334
34.20196232760974
34.207437832130964
34.213336829155494
34.224739728462794
34.2363237170782
34.24736356502148
34.25939213155425
34.28177421350533
34.29382339589059
34.304823303000155
34.31721949950837
34.3292739107679
34.34068922483317
34.35409385948001
34.36560468376943
34.378115002900614
34.39004716639142
34.40024396251509
34.41169736703415
34.420985117001145
34.432541719791836
34.44614251145035
34.457195356044544
34.47901100973809
34.4915944924679
34.50358424916218
34.51605918472622
34.52745805460311
34.539440426653286
34.55014746992468
34.561582374786106
34.57409075521161
34.58616149107044
34.59754729253681
34.608993922002966
34.620375200429294
34.63182681553137
34.66428867566723
34.67594099817325
34.687392491676064
34.711726361147
34.725518888234184
34.73751717035607
34.7500055926682
34.76027146996119
34.78707845284309
34.79956995918479
34.81108780682948
34.822549896355476
34.83464080024981
34.846708732413596
34.858013635680635
34.87002001678864
34.88251217170363
34.90703074286231
34.91855193650863
34.93016077736769
34.9426670920636
34.953633190369914
34.9788272091763
34.99030512087594
35.00357240893073
35.01452563711706
35.025954054868635
35.0395229377233
35.05062882581154
35.060107192870596
35.07168413849411
35.08421296157797
35.09567741985564
35.10709409661989
35.12132927673332
35.1333382964095
35.14535031349202
35.156761997744724
35.16968750628503
35.1816359952185
35.203888435400806
35.210556109952044
35.217491385823045
35.22368253334925
35.23464605645256
35.25135878706093
35.26265832467741
35.2744932358755
35.2860825127448
35.29814014369243
35.3094948257703
35.32087047333935
35.33120920744133
35.34387108401625
35.35507997908128
35.37568628729052
35.38767014290603
35.41277770675411
35.42615692201778
35.43751903734875
35.44888725905367
35.460295905096
35.4718267938788
35.482762029209496
35.496485746574194
35.50791850084586
35.5166564449981
35.52770561866475
35.536838948822485
35.5504749316673
35.56181462264588
35.5747366916836
35.58610551255596
35.596116895213484
35.62127078750263
35.63103320252491
35.648587727421365
35.67841805079122
35.71144264736073
35.73105838873665
35.749011995759965
35.76692531377016
35.784932851915045
35.805105279165424
35.82531035212012
35.84767418125973
35.87004323979419
35.88804196404079
35.90821246101618
35.918900549532324
35.92983454668703
35.94719552573211
35.95821778966327
35.9694827468157
35.981438046138464
35.99342375469786
36.00386004421543
36.01472192514541
36.02445775400506
36.03629400254512
36.04828689131983
36.05937892623037
36.071344284968156
36.08378566848402
36.09573165531821
36.107171071335564
36.1186785351689
36.13015308740778
36.14270451471822
36.1521733793926
36.16302660166256
36.174561255926314
36.18608108370126
36.19788186889732
36.20908922418703
36.221721139632876
36.2287801730243
36.23576913139597
36.24284979909377
36.2489054718371
36.25479926975504
36.26303849163494
36.26990036656754
36.27683056753444
36.283419001042745
36.28992210199117
36.296496922654875
36.308021250913555
36.31896741948179
36.33368026612633
36.343342943164885
36.34996772959655
36.35682244041547
36.36227081992255
36.368869111079995
36.37584583089412
36.38239360832209
36.394490801922565
36.401058832158675
36.40684256071364
36.412755622749415
36.4185382211033
36.424081185442866
36.42994408127695
36.435851654194614
36.44181151503967
36.447585326108474
36.45429464785718
36.45919169335279
36.47339478219092
36.47909886693963
36.48378408952927
36.48949694103472
36.49548226833197
36.5003525454594
36.50699819768053
36.51231957609604
36.52831707669391
36.53377368371596
36.53974679716607
36.54573274847213
36.55253065572626
36.55793127013319
36.56367499112354
36.568425889508774
36.573495489462545
36.57965093722747
36.58550933109211
36.5915001328648
36.59697815710057
36.60239780555776
36.609027937445845
36.61487838521507
36.62003617483346
36.624521637263456
36.62995087479271
36.642297832256375
36.648152112885306
36.66683020246456
36.67871282524443
36.690763877718396
36.7016604236347
36.71309654264578
36.725113026562795
36.7371048202033
36.74864951115353
36.76063446138697
36.77265956058802
36.78315334822571
36.79463355023377
36.805873443053855
36.817269077615066
36.828711665690456
36.83781665735578
36.848681222190486
36.86000022487369
36.8845470846021
36.90258064952441
36.920668799683604
36.93839283014285
36.96080954080328
36.978580246003254
36.99863208307577
37.01883303452844
37.037182141729396
37.055124831166886
37.073551112174265
37.09154997346545
37.10978458094062
37.12785313256822
37.14550039971568
37.163468359517715
37.181415213180806
37.19937836778425
37.21739154302509
37.234885700829565
37.24634286496985
37.257914489908735
37.26968757089493
37.28115426068443
37.29045255261679
37.303857244078664
37.30931457770378
37.31531867399278
37.3218618337367
37.32897423772936
37.335902529446685
37.342967044741535
37.34965409956858
37.35615813474814
37.36307031897638
37.369458807917674
37.376541109722176
37.387942332580955
37.39999361624785
37.41149075258021
37.42316260483884
37.43558138831906
37.44710858206809
37.45763319273237
37.470647201917096
37.48367918800171
37.501623525869384
37.51967631037598
37.537445540182055
37.55550638799948
37.57363641705694
37.59131495491722
37.60917586358488
37.62689636871682
37.64354715537209
37.661436323619576
37.67832044139595
37.697015680936445
37.719410384517026
37.73741268259311
37.77298675166054
37.79599755327806
37.81990022463456
37.83231920730717
37.84437319431785
37.856753642955844
37.868139868369425
37.87957057996164
37.89205283646275
37.898623156416804
37.90569504623159
37.9110406799552
37.91820310112707
37.92342955521227
37.93673746400084
37.94381683811745
37.949168816343715
37.95503700757611
37.961450459829926
37.96727764828202
37.972445222539726
37.97921764222688
37.984524977383685
37.9903386917726
37.9958155806979
38.001730137918365
38.00729049441154
38.01385901965726
38.02043509445085
38.027569403082474
38.03237844905072
38.039584113753705
38.04573261899653
38.05106288277158
38.05773447131128
38.064637173104366
38.07663778570978
38.08761685457355
38.098255698195274
38.11032974985218
38.12216766241872
38.13351145181197
38.14340185225558
38.15358390149989
38.16350851048218
38.17267824940874
38.18420859185268
38.19552871932101
38.20804465353675
38.21951435385303
38.2297612606857
38.24013755054138
38.2517146629185
38.263244133207806
38.28601924048627
38.29645298953681
38.32139004643611
38.332196022277756
38.344176359737894
38.35621130160271
38.368271240403004
38.3803150332524
38.39166744240993
38.40375316853974
38.41513966452599
38.4266567943874
38.43852622154137
38.45051357454402
38.46318460474089
38.48562600879776
38.49713538388624
38.50913797263444
38.52006774923026
38.53150480489781
38.54232756382621
38.553792922929496
38.56265690319696
38.57179220124351
38.58275042734456
38.59404272391692
38.60558801973915
38.61683987936342
38.628265770889264
38.6403479339601
38.66306046767559
38.681456352666004
38.701664192439374
38.720477211750236
38.73930943735944
38.75763663066586
38.77574299229445
38.79381972165056
38.8052847390653
38.81626974810723
38.8283773747537
38.83941479765998
38.84860943188331
38.85986661397105
38.87338373720825
38.89352368403852
38.91445055583924
38.933493682064466
38.95166497437232
38.97024203306522
38.98803576435535
39.006004351681874
39.02387609605268
39.03633525490349
39.04558933106663
39.057600235715334
39.06914621515978
39.081592559025225
39.093618797689395
39.105152071891354
39.11647967914957
39.12599199254128
39.13747192816059
39.149047165429785
39.15906028351682
39.168172459466206
39.1807552810195
39.192196067472594
39.20375254087854
39.21584328261982
39.227369743500375
39.23886948140271
39.25181380999661
39.263842073393235
39.27578838720312
39.28741683019713
39.2998130901069
39.323781916794864
39.336413957019886
39.3473331895887
39.35892100548704
39.37042941822776
39.382046186703235
39.39296338208251
39.40219167796131
39.41148890904321
39.42205904923628
39.43331849013875
39.44352190958993
39.45319914628049
39.46425394542877
39.47346808218718
39.485418367569736
39.5038223187937
39.522398935638186
39.54092645313414
39.55932183792372
39.57188434118359
39.58393409119844
39.60614843270255
39.61808709735555
39.630475698646435
39.640837329485656
39.65046268578165
39.66247587387777
39.674488386937334
39.68512814641516
39.69666635405343
39.70590644123167
39.71864848271971
39.73071418774221
39.742880861824936
39.75443769206528
39.766504756464805
39.778503956407356
39.79045339763658
39.802047197671925
39.81361408472767
39.82756221787988
39.84001976932593
39.85134798437291
39.86214978007268
39.874569536647066
39.88443967337858
39.89502520706437
39.9052748602848
39.915148959560405
39.92645930819744
39.937764387313194
39.94918774193728
39.962849395160305
39.97135162985845
39.97682781820088
39.983767738047675
39.992171215780445
40.00756989757445
40.02535705682221
40.03698614411041
40.04822057439682
40.0597139276326
40.07155894589163
40.08355986596425
40.095006115449955
40.10649028437608
40.11944649967353
40.13304241936685
40.145138788016126
40.15815761568867
40.169536896788664
40.1820252938712
40.19340756587318
40.20538898499157
40.21788935473704
40.23045296943229
40.24300879907509
40.25454777874911
40.2654346613085
40.275773207834156
40.285655969460954
40.29815539982945
40.31110105506998
40.3220001305013
40.33601926855064
40.35556911451127
40.361445192797056
40.36691573370194
40.3735240474976
40.37946278190403
40.38495047245162
40.39043606683472
40.396543582455834
40.401225462599314
40.40774978564757
40.41321127619737
40.418645902078595
40.4243652599866
40.43663547964503
40.447216960263006
40.4520985016744
40.49279301330332
40.51534442348887
40.533472474235566
40.55126421317961
40.5692398695674
40.587757873379644
40.59984353564068
40.61305828422461
40.62303586629271
40.63338784417742
40.64488562676532
40.65630978363923
40.663486066151705
40.66992525229909
40.67688554552651
40.68365486552379
40.68966713927351
40.695178606248646
40.70841522116551
40.71518628771814
40.72975337238143
40.73566676989863
40.74265386971579
40.74917892221078
40.755483269463475
40.76101077500999
40.766450597253396
40.77332568105565
40.78019969674581
40.78568854208611
40.79052008889427
40.796135388868215
40.80704592943955
40.833638710390815
40.85382155708557
40.88571027565411
40.89683157381083
40.9081018248893
40.917358284469344
40.92835671153867
40.93943618087554
40.95259818952201
40.9639949248313
40.97557310638362
40.987585465583706
40.99894203424386
41.01036247400714
41.02186413008456
41.03431457395982
41.046318552155384
41.054950958502616
41.06200099488299
41.0707652831842
41.07743444106384
41.08419423799754
41.0910440868702
41.10445180021131
41.115520792888674
41.12670390305138
41.138148385446364
41.149812522655175
41.16133959581303
41.17293750497209
41.184469805743376
41.19533015594701
41.20623944815889
41.21971125634408
41.23168699052822
41.24247619047619
41.25172992699801
41.2626606954531
41.27435074664528
41.28591131287355
41.296865712077526
41.307811644196825
41.32096731165664
41.33232464824866
41.344382751760996
41.355359192519195
41.366409089806595
41.37782110306246
41.3892116846114
41.40134697273892
41.41388867517584
41.41962010541212
41.424813432624504
41.43056765615599
41.435803058821485
41.441963415247926
41.44778791837747
41.453033515753155
41.45996106957523
41.46580822298212
41.47289814795622
41.4783162338873
41.48419386654639
41.48898821225793
41.495045841110134
41.49955775681732
41.51115809518863
41.51703072342814
41.521941300458536
41.52738926957953
41.533482216432375
41.53951797099513
41.546129991490865
41.55205217205064
41.55880889480797
41.56319642729429
41.56987761853711
41.58312433812728
41.58880609542582
41.59459364907534
41.60082580841291
41.61458391606613
41.619715198731335
41.62675722915926
41.63339230614451
41.63884571948212
41.6450954428685
41.65086900224993
41.69314713162135
41.728761500353855
41.74743591109551
41.76761954932871
41.79912668351495
41.804952492966535
41.810455220032146
41.81579531110211
41.82234231499876
41.82786782430538
41.83443032144498
41.84132755552602
41.846870070928645
41.8521195955291
41.85788233491894
41.863310051705994
41.86846877179667
41.87340801678239
41.879822862803316
41.886459365434995
41.89178226278823
41.89773200960421
41.9043045192424
41.910492953394915
41.92294632947727
41.9282594802181
41.93480537601734
41.94525793697025
41.949955151082655
41.954930532723395
41.96165035888532
41.96853277102944
41.973977197318845
41.97953385328755
41.98593434394054
41.99172759353561
41.99744356889003
42.00326308217012
42.008761846944815
42.01567096958382
42.02163062983148
42.02870904119824
42.035658540356785
42.04080905289009
42.05297455946491
42.061718701541736
42.072351110135685
42.08397635742763
42.095498955598536
42.10691284746731
42.117781423887884
42.129235825462715
42.140719769550884
42.15166546319667
42.163216597506384
42.17482772499398
42.1862544073472
42.19720928992175
42.20865006337295
42.22168608819137
42.230141567212655
42.23722144568459
42.244275926717314
42.25811482725469
42.26441111531869
42.27000716016246
42.27708809907406
42.285716998777886
42.29608719663453
42.30727193933338
42.31931999109334
42.3303232598113
42.341663328635875
42.353165724400625
42.364234106623904
42.37569334265683
42.38684305253612
42.39888180760202
42.40992134246288
42.42292066360772
42.4321395274389
42.44503534319728
42.457074209597934
42.468516334763585
42.47958485771101
42.49166137087945
42.503177752128344
42.51486638348663
42.52651779627486
42.537934015675496
42.57184692797028
42.592006363697045
42.61279594614174
42.631853042058566
42.65209458474336
42.67471272216773
42.697175467087945
42.715070447118336
42.733887726716915
42.75203342304851
42.770030950036464
42.78762065095398
42.80446333671123
42.81640259210932
42.82786254888699
42.839354271643586
42.851863426792306
42.864365691092075
42.87637236460751
42.88786909367334
42.899818569335785
42.9102965405394
42.920822912982835
42.930799254824066
42.94165964504334
42.95317594711877
42.96508076823117
42.97608736726273
42.987820405317954
42.99922518626744
43.010696533743136
43.021901627299236
43.0357082797417
43.04195444791571
43.04902918110982
43.05492954844867
43.06083122912925
43.06769073449872
43.073116992395754
43.079654266789376
43.08675245894407
43.093331236241276
43.10039820308285
43.10694337417819
43.12051446752114
43.127421698607805
43.1342793501542
43.14066912572086
43.147150636402095
43.165722989340956
43.177206920105796
43.1887228709974
43.200143997174266
43.211458207294605
43.223126937367574
43.236737693079064
43.24586415268826
43.257169594439006
43.26863796421185
43.27992324083497
43.29137105185331
43.30198678235999
43.310841489423105
43.32205894348055
43.3325661568898
43.34246408565219
43.35175309039046
43.3637339453219
43.375789188004234
43.387818185336926
43.39922057865426
43.412747897650036
43.424050852733004
43.435526036487325
43.446788491653486
43.460079738642584
43.47267453869874
43.48571469205993
43.498341607910994
43.51057568845025
43.52238701685333
43.5338475685912
43.54595009215165
43.55729611633073
43.56888474889838
43.57814699103899
43.591282112839686
43.60149822980104
43.60707349062646
43.618387746149764
43.624300888844985
43.630345209080545
43.63686925953763
43.641746745681715
43.648007868336514
43.653410931977405
43.65876475471665
43.66464114995295
43.671312702256785
43.67843275802011
43.68516832518672
43.69216241939283
43.70326122192611
43.708975323858716
43.71591354615804
43.721366671792175
43.726806883151816
43.73229561825804
43.73883501974113
43.745442932641936
43.75086333766654
43.756264034366374
43.76127541559277
43.76780117646044
43.78808822935738
43.808345534165724
43.82621379303571
43.84209101128982
43.85317992188515
43.86447553251688
43.87558672058082
43.88586507722537
43.898467916799376
43.91060059238136
43.93255413266151
43.94752568546422
43.95609343988936
43.96465984595366
43.97858768190118
43.987261287952904
43.996439487285386
44.005644605373476
44.014925366836614
44.02420202986722
44.03482035373184
44.04426813787592
44.053253385602154
44.06431195594919
44.082452902741124
44.10049677051355
44.11888840052531
44.137118194687815
44.15953484286647
44.17983365020607
44.19842224133039
44.21992405952372
44.24266434129872
44.26150414767018
44.27937639924018
44.291425923500114
44.30333785077688
44.31544285582293
44.32701434947648
44.33920322735976
44.350335153844675
44.35732246682468
44.37152306151559
44.37842852495234
44.38418287269425
44.39113579104924
44.398224569559815
44.405136008634784
44.41404289439177
44.42527838094315
44.43897290273631
44.45253904979266
44.46572131556922
44.47694844707288
44.49034199200208
44.50298498875976
44.51452246070118
44.52380700253365
44.53737212161129
44.54881673733652
44.56183569243808
44.57182741974408
44.58203530187062
44.593369839926986
44.60501379264232
44.61643007786558
44.62790644613164
44.63993035263872
44.651402256568595
44.66281108718069
44.67442324239575
44.68597430471875
44.697282202184695
44.71040019007969
44.728413668076584
44.74598310005168
44.76867286590882
44.78712742226937
44.82706131940935
44.86711227194045
44.900794955230786
44.96810803884359
44.992997605902346
45.02795768096923
45.0361665663331
45.04429885133906
45.05016128068507
45.055709782496464
45.061230852037234
45.066771074151674
45.07387795662506
45.08741669150054
45.09391703112385
45.10052676170745
45.107147222320286
45.113809450461964
45.12075188381604
45.127411411888126
45.142738362896566
45.151072361466454
45.160277388151655
45.1709623339256
45.18244902991028
45.195928165592754
45.20833823253983
45.21816010782721
45.22750912468963
45.236927368919105
45.25895170920201
45.27039282629743
45.281776396626455
45.29322813295417
45.30409120404088
45.31640667205701
45.32661728464195
45.33691507768256
45.348881576446615
45.360223764755666
45.37126082934582
45.38115378411128
45.39224606307109
45.41500880835274
45.42653709773501
45.43639442940886
45.44754806534783
45.45958428014778
45.484207601425624
45.49462043024276
45.50667783575354
45.51802103473573
45.529447463831204
45.540890417269665
45.55155249411124
45.56227083996195
45.574831540972305
45.58627314467345
45.59775846980976
45.611212313465174
45.62245878661775
45.634529095232985
45.64665149596964
45.65813145226634
45.669496900116144
45.680080552997126
45.69217679735424
45.703695875146714
45.716145611142466
45.727302878733255
45.73639787096029
45.7452078585796
45.75416272905944
45.772764398246984
45.795479847239164
45.81822911545736
45.84062118149336
45.85847628413008
45.8770294303185
45.89958050447753
45.917377976867016
45.93532641857998
45.95279556980622
45.970449385162404
45.988230081320296
46.006266691023086
46.024069741295634
46.053353362761854
46.075994903977936
46.08666964919506
46.09997938322006
46.11345217107183
46.12440391100219
46.13344543031807
46.14443012135325
46.15597272463744
46.16737990028622
46.18034415175484
46.191698767116605
46.20461653809554
46.218279657382396
46.229677433428655
46.24115145937743
46.25217655801216
46.28249727503327
46.311574648642626
46.34085887045554
46.36416668624147
46.38229705132462
46.400624031936644
46.418680336198555
46.4308140271622
46.44137743729616
46.45346367979591
46.465951266360534
46.47731921241094
46.4843615341579
46.489442388651476
46.49501715565024
46.50046476800485
46.50600342976726
46.51148044192169
46.521244406362555
46.526548368620375
46.5320838583594
46.537397677307496
46.54329978881257
46.549120207930834
46.55454228624611
46.560334071663384
46.566819451163944
46.573521240485945
46.57891974863662
46.58439796172623
46.589509742597556
46.594257165343855
46.59955253312658
46.60576686911666
46.61072698552752
46.61678787107452
46.62185587692675
46.6269684661482
46.63856411764361
46.64464854165185
46.65119188657764
46.65656443096825
46.661515384799586
46.666994361166296
46.67250318688848
46.679956986015284
46.69156141620121
46.70279157805309
46.71484873344636
46.72594087876771
46.737423742318065
46.74902116138603
46.760418148144176
46.7718476814511
46.783821999587005
46.796253071439736
46.803305134050476
46.810400714734584
46.815824074452166
46.82237229034192
46.829477002877866
46.86260618768662
46.868068944730126
46.874202627138544
46.88068856609964
46.88771663702155
46.89312394466568
46.8975509242787
46.90847673295252
46.9139815107577
46.91936636233053
46.92582322221132
46.931620824224524
46.938327495897795
46.943939815177174
46.95051043782744
46.98681282069688
46.99932170462241
47.01064385696491
47.02262607266743
47.03352180819101
47.04380406778028
47.05581408136279
47.066115408367246
47.07816480918693
47.08960654868538
47.10100215707524
47.112516441962335
47.121848583831344
47.13330145745223
47.14473716759838
47.15614126771733
47.16554248720611
47.17659879999112
47.19017129198507
47.21410791150907
47.21921591170544
47.22470373156451
47.23022135087914
47.236109988242376
47.24230331035883
47.24904336181925
47.255430870234484
47.26038879245453
47.26582526130127
47.270263286060406
47.28037370651013
47.28576071138564
47.2923681477929
47.29815020351568
47.30377528874514
47.308322816505466
47.31528970042039
47.32165560505678
47.326590314387204
47.33200632224667
47.33743520775011
47.343271602943254
47.34910195038746
47.35493637578061
47.36047712532473
47.365902616371464
47.37133096491187
47.377928027716244
47.38325668994056
47.389879496271554
47.40157214969779
47.411961675195485
47.42446435920553
47.43461933150031
47.44622592194243
47.457552661627325
47.46913818676436
47.48050842632162
47.49255910819586
47.50301623971425
47.514454801739134
47.525653071344536
47.53731101019953
47.550133722877064
47.561127357381444
47.57169793710956
47.58149286720045
47.59460950807281
47.60604239122981
47.61965385893584
47.63273810064318
47.6419321348462
47.65396208610708
47.66568255196421
47.6759356842596
47.687263498546336
47.71030653689895
47.72118156204342
47.731658580821275
47.743060193677564
47.75177855001778
47.764864221233395
47.776997964325474
47.786447677584526
47.797665193470095
47.809353107487794
47.82117709055634
47.83232626618835
47.84441668298559
47.855919744287554
47.8674477440376
47.87886004406189
47.88821394887835
47.89964659806772
47.91119387853811
47.92259717435462
47.93387089413831
47.94522638376169
47.95663878877427
47.983518143783805
48.04245896771995
48.123419869877125
48.16330535830574
48.172656222801905
48.18191724524907
48.1911031481397
48.199878399903945
48.20906727290186
48.22710508042581
48.238441145424794
48.24504437764623
48.256264484017784
48.2627809913285
48.28188767748343
48.28736193248416
48.29413655883049
48.299576478067905
48.306475619341285
48.353248247784734
48.39576815441623
48.450250911607455
48.45938029390969
48.47062011803301
48.48067915124138
48.49171188598338
48.498036608307864
48.50500988218628
48.51206067218991
48.518888559809625
48.52593928098737
48.53454326619146
48.54201929436633
48.54902691390054
48.555957948979184
48.561729667294486
48.569168103209215
48.57496935806803
48.580727440915744
48.587851500405705
48.594504016145756
48.60320670867843
48.610250564751944
48.61834341538688
48.64060412462458
48.65267026983375
48.66521277424457
48.67717041897762
48.68934234905534
48.700112455233004
48.71167110133443
48.723702495772066
48.73628157924285
48.76158732254416
48.77141548226467
48.7819406476789
48.79308209197272
48.80396254975213
48.81540621890562
48.82695251056533
48.83915223924516
48.85051935559245
48.86087613009459
48.883850967347946
48.9039505712862
48.924945306974315
48.94505860101666
48.96555168238049
48.97692322833303
48.98821747941975
48.99927939155729
49.01041315214221
49.021510693263366
49.03357143656119
49.046148561296405
49.05608239063679
49.066066018489366
49.07757909907844
49.08907756432079
49.100585916849866
49.11259430298332
49.124009496662154
49.135540211838894
49.16485738052156
49.19468222327867
49.214244671802625
49.234529721540355
49.25470509956184
49.313346058726154
49.331008024569826
49.34896095559728
49.360370166571656
49.37165708231053
49.40877154980532
49.42001134739914
49.431428670429426
49.44247251283813
49.45266612757551
49.463778423515855
49.473077770703235
49.48446255921925
49.494953862998
49.506015810754725
49.51674637335813
49.52728014525495
49.53827350625513
49.551554175991654
49.56227295223814
49.57383048395083
49.58498775422374
49.596512131502735
49.609034196022286
49.620984122770714
49.632526880724605
49.64410294366618
49.65563926452025
49.66765704847535
49.68025505556581
49.691744083005425
49.70378567798737
49.71553450830967
49.72718002127116
49.738701239183364
49.75101085582991
49.76257107187445
49.77460140072561
49.785191483052365
49.796117044931215
49.80810663330261
49.81792452815482
49.82892977160949
49.84136064284957
49.853785135190606
49.866237839953
49.8776339895833
49.88859562658367
49.89996807117197
49.913201475368844
49.924844740707705
49.93616478258181
49.946588892096635
49.95763728649088
49.96888517342515
49.99001660032803
50.001103019256895
50.011906109344224
50.02528390759396
50.03586088316051
50.04844217741812
50.066447138335946
50.08434611461818
50.10225819786801
50.12015016515431
50.13793873423057
50.15491003751825
50.18774943290106
50.20790688765387
50.22593866545879
50.24903336254757
50.26042396118745
50.27246562316005
50.283963161202465
50.296542787947494
50.30914040571553
50.327192956514665
50.3472525591482
50.36807916897947
50.38599456917734
50.40386413154873
50.42178417159113
50.43700666961022
50.45492052967428
50.495188818654164
50.51507339305325
50.533917919013476
50.54663678298552
50.56114492601296
50.566303127072594
50.57238739920854
50.58416151493668
50.60015206273966
50.60494359383559
50.61557786403493
50.62102778173414
50.627634861345875
50.633149844952555
50.6385948736954
50.64463022428707
50.65102921817315
50.65780817266192
50.66344975329509
50.66977490355539
50.67515098566083
50.68095499292032
50.69325741520853
50.70029607356922
50.70695467279601
50.71231288940322
50.71828803267998
50.72479500131328
50.73143882279413
50.73722149422467
50.74254843002951
50.74868112946003
50.755287663284065
50.76146716938987
50.76651251453049
50.77139840235287
50.77621047297032
50.781813941389125
50.78745223189986
50.79346522447593
50.79897283931968
50.80464919633923
50.81121189400007
50.81591961263981
50.82259760480766
50.8280418247036
50.833950276457976
50.84062496829844
50.84680210650954
50.85196152084267
50.8566733445331
50.86315309927185
50.86991305488162
50.875006241781975
50.881606953939546
50.89984861510951
50.91189011270622
50.92399858566483
50.93596965260155
50.94744424426157
50.95969496397377
50.97180357353412
50.98259150360246
50.9954364607853
51.00767133287437
51.019733586808506
51.032762845246836
51.03945704457054
51.04445126930339
51.051098141259644
51.055518402969774
51.067643450379634
51.08077196742948
51.12625896668528
51.156905192456726
51.1900613043438
51.231027085460475
51.243140655641625
51.25634793070911
51.26773155997926
51.278646600357796
51.2901971232822
51.30174751010441
51.313168209597016
51.324593550210935
51.33557089604962
51.347627860095926
51.3591917056507
51.37020376425613
51.381719618659744
51.39443294376178
51.40652190591544
51.416783465687004
51.42676483446092
51.437920390932334
51.44931022015503
51.46019662837811
51.47172120442957
51.483804501579534
51.497503926787786
51.51107829795058
51.52911023872013
51.54735766440073
51.56490700339314
51.582945765546185
51.59508372713483
51.60506654044619
51.61673927256975
51.628241411188725
51.640029710758476
51.652059847434
51.66304639646928
51.67467996900339
51.68619036773437
51.69756186577527
51.708887727493874
51.72066465599341
51.73272448538851
51.74423850084407
51.76944619612259
51.77873570889257
51.790233310399636
51.80259318417417
51.814640882206376
51.83766125368254
51.84899667158354
51.86955447923184
51.882040645417156
51.89336606986276
51.90689819712022
51.91924736308843
51.94142847659021
51.95485460986996
51.996279460202146
52.00992494942261
52.02145853190986
52.03273712205678
52.04396911948837
52.054843815721306
52.06737179217924
52.07895876403668
52.09195855358533
52.103229551582075
52.11460835945706
52.12612720993536
52.138181223880906
52.149590759327396
52.16161406121198
52.17296722921265
52.184223913636764
52.19483672149616
52.20545820372172
52.21690421370828
52.22827735359238
52.237507762342815
52.248915065810756
52.2603657360029
52.27188253013029
52.2829478941455
52.29417603984503
52.30598535480715
52.31745591016898
52.328958956096145
52.340937630338615
52.35287140097274
52.36400726213725
52.374964383163274
52.38692288184981
52.39723704174845
52.40882411982406
52.41840262026546
52.428022410365344
52.43921901504408
52.45279972083361
52.464822902952996
52.47636566176954
52.48846474111025
52.49999506358746
52.51139846182565
52.52501572344628
52.53640104449917
52.547691518010936
52.55866714282377
52.56789636066525
52.57864242040245
52.589773856426575
52.60176169985033
52.61172798837844
52.62247371225652
52.63362359559107
52.64392410946827
52.65644170950583
52.66540465220114
52.68497903079207
52.69791594577287
52.71056846459787
52.721178208003
52.733246522939716
52.74473867290444
52.756066876100824
52.76757787731458
52.778980871458366
52.79232130882368
52.80348065445276
52.8146179755738
52.82584169754371
52.83889024982862
52.84997866289558
52.86142677462125
52.87076466148194
52.882866541388985
52.89531585778508
52.906661033318684
52.918068337520616
52.92728088734064
52.93646708044986
52.94780017360759
52.95928560381104
52.970509786076576
52.98154876143229
52.99290251474497
53.00209378634763
53.01124148327433
53.022496176542745
53.03400371983564
53.044334598645456
53.05843882247738
53.08140656414824
53.093356214890136
53.105308579506655
53.11650402274251
53.12780270859343
53.143576707327796
53.16389157911158
53.181692143912045
53.204055106174465
53.222212351846196
53.23416505499089
53.24579094266494
53.257440559809076
53.269436715297445
53.28145084060102
53.29347530210829
53.305509551366384
53.31670913255027
53.33041312183755
53.344103359426455
53.3560950681446
53.36809545562094
53.380089166695484
53.390022397269576
53.39996757391807
53.40990549033131
53.421094062503286
53.43228046412338
53.44345809113962
53.4554063807445
53.47288776097606
53.49103389810508
53.50917127262449
53.53079367757493
53.55033795655489
53.56989399055149
53.58946769356435
53.60969910746498
53.629937179059105
53.65016985607423
53.666261690367364
53.68202493312881
53.69400380897227
53.70596944495815
53.717938883756396
53.72910777764891
53.739539801288515
53.749996043310915
53.76116061203882
53.77231235727827
53.78483311617921
53.79673995472669
53.80721415636254
53.818357831716035
53.83094200838834
53.85954890976185
53.877649824206166
53.89527842689118
53.91091090683433
53.92882901044187
53.9489775132661
53.96649090734017
53.988746417445775
54.01058340461183
54.0307854285571
54.05103664264154
54.06917334296006
54.109259554816454
54.16122816965987
54.202975520283196
54.23241528778229
54.261644139460735
54.3062414693117
54.32878440326777
54.35205917088558
54.375539679330814
54.39823224805516
54.4212825901375
54.450329998155006
54.47940412482564
54.50827827939149
54.54427044027774
54.55706817959413
54.56860248748007
54.58004019449224
54.592073237423854
54.60345107594786
54.6162988172707
54.62828433798142
54.64031449636835
54.65295130973106
54.66431858718369
54.67729214817879
54.68886218821245
54.699185076145056
54.7116143027624
54.723090309461014
54.73506914202841
54.746441108197
54.75778074021808
54.76916884250591
54.780038915154606
54.79205410956329
54.80407404483277
54.81833502129022
54.83082127325318
54.84272956475141
54.85471481951892
54.86598357206964
54.87808324227908
54.890111569755156
54.90260491629726
54.913013004420364
54.92294479862445
54.93470660905565
54.944993299027516
54.95538202922995
54.96631444816126
54.97789669827068
54.98992407389611
55.00180676683582
55.024965272306524
55.03147343594881
55.03742717376013
55.04455472567845
55.05313687771689
55.06125798333686
55.069867851168226
55.07699245095619
55.08418554208378
55.0935698346465
55.103411711796234
55.11423067684433
55.133861415719004
55.14531968725699
55.15751743007638
55.16827680247337
55.17973434430628
55.19117625872607
55.20363497409788
55.21617547611126
55.22767857539251
55.23927553938095
55.25132263421914
55.261775975766625
55.27373886135483
55.28570624922608
55.29641392776327
55.30832434171034
55.320367789255414
55.3309075110835
55.34126768715355
55.3516877858532
55.3615073215519
55.37250134055619
55.38399790772525
55.39538340444145
55.40852723857752
55.43386779715518
55.4454851494824
55.457188256722084
55.470310239795545
55.481460446197836
55.49064950307414
55.49993512718304
55.53745954852685
55.5733382605177
55.58866427514744
55.60439482080985
55.61735481553556
55.62393934994324
55.63047174302785
55.64431304987141
55.65052647406889
55.657077093412994
55.663588113042444
55.67002855305205
55.677064593113904
55.68375075487691
55.68955324335312
55.69651177697369
55.70213564894354
55.70914310082565
55.71460514488518
55.72166480948593
55.7425037082099
55.754480771192455
55.79599084988105
55.82698006492058
55.858495697470836
55.87047939470813
55.88145928888742
55.89133096520445
55.90221966170937
55.91368530192299
55.926185852134246
55.938199832006596
55.94914392006033
55.96054476952597
55.97151740221556
55.984533270274646
55.99495797167722
56.006450864590974
56.01742623013567
56.02787636838129
56.039883331001626
56.05085066041151
56.06181809502652
56.07069373695251
56.081650472876085
56.093649377988406
56.105647612579645
56.117645398608516
56.12859313119218
56.13955742572925
56.148434613374604
56.157332267424465
56.16777119385883
56.178697748352256
56.190668893725025
56.20197342455232
56.21293297705099
56.22489369836171
56.23687459180608
56.2488615531205
56.26088472961622
56.27223152563998
56.283896314382424
56.29522825936862
56.30722217975887
56.318546278546165
56.329881129690506
56.3408960697078
56.36115207003533
56.38139273843842
56.40161377212419
56.421494298690476
56.44138316977489
56.463326116751944
56.48081019588167
56.49897599913012
56.51920183196612
56.53840268172181
56.55622069392597
56.571630068725405
56.5918519887299
56.610037411542066
56.6224209781991
56.632431022720006
56.64441921622374
56.65643033903051
56.6677522115525
56.67939538129018
56.69133850452654
56.703000560847805
56.71498531426734
56.72599847800794
56.7373835317797
56.74844592570819
56.75976252060267
56.771704615173654
56.783694952692095
56.795163775590275
56.80665744305011
56.81817802106154
56.83022497642476
56.847232460056595
56.852228606734954
56.85850351136728
56.86365893499719
56.868480766760634
56.874694500422194
56.88091402743478
56.88611076984879
56.892322748004254
56.89906600614208
56.904870452712416
56.91059259459927
56.9162940318199
56.922011915672535
56.927771890931545
56.934046527594134
56.939830909604005
56.945405055148626
56.950781249420345
56.956945337399766
56.96314080649
56.96894283452854
56.975126522734065
56.98169113647758
56.98822519351386
56.993011982293574
56.998808257363706
57.004567480006436
57.009254942276634
57.01916307681813
57.025958981217684
57.03118856534297
57.03801912845788
57.043281438933164
57.050036036322176
57.05585735636209
57.06127984355175
57.06796480963273
57.07626856204911
57.094421968603
57.11518108475257
57.155680742174674
57.16667807580429
57.180365426410695
57.19268344013149
57.20364321669074
57.216703069081056
57.22923643482799
57.24069633617671
57.25205909520997
57.2640174435432
57.27593954370037
57.28735777284155
57.29985917994652
57.3108333789063
57.320549723834155
57.37440221645095
57.416818990631874
57.44622243120225
57.476298973593465
57.50646181440422
57.54834294147166
57.583930280709026
57.61324613297914
57.6424606744371
57.671615370390235
57.700786312534056
57.741309275145156
57.7815479978808
57.80169655412926
57.821928918240175
57.839935615867596
57.85796487863958
57.87814162208301
57.89622513534519
57.91578650478624
57.936005281861554
57.95627149100113
57.978509341752265
57.996755606535594
58.01471954777045
58.03271120035309
58.053232342871055
58.06700711614953
58.07628305184836
58.08769105328093
58.096335258790866
58.10555800465014
58.116536502443935
58.128412968156105
58.139745830868875
58.1510353460391
58.16408103824134
58.17392364487975
58.183109813129434
58.194216626369695
58.20454894425775
58.21771649557733
58.229156974781105
58.2410098940866
58.25359020058806
58.27355529741844
58.29377466812285
58.313968625430206
58.336333622454845
58.367444459772365
58.39800332908289
58.42889122315593
58.459285428904764
58.469327115424164
58.480632553641335
58.49272506110327
58.50515203759132
58.51674663765471
58.527838704760406
58.53981477780741
58.55340051372981
58.56599150952294
58.57856040551749
58.589970028774424
58.60145791296076
58.613390076405615
58.62480911961422
58.63623376437611
58.64742358066804
58.66001939988125
58.671645550722744
58.68324150154085
58.69003276448996
58.69706717309589
58.703329152372106
58.71132320650677
58.71737397568109
58.72313365507643
58.728591505513684
58.73518237185425
58.74184301532857
58.74849185646573
58.75529378375475
58.767726808052494
58.774716644611864
58.78589493547723
58.792962796853054
58.79947401230426
58.804993658197276
58.81217561280193
58.8191096110277
58.8271856210873
58.841684634064336
58.84851627537957
58.85447783213626
58.85993679907056
58.867472188432615
58.87321356079193
58.878614721799934
58.89005732173429
58.89561085105572
58.900415720430885
58.90675532491201
58.91178211096797
58.92229358369502
58.92919681302493
58.93512645420882
58.946595565602166
58.958115206300704
58.969692813554616
58.981239195013
58.99298656949701
59.00466883965107
59.01628136918518
59.027262029858925
59.038775933469026
59.05034707242693
59.06106247238824
59.072077875912356
59.08453659508729
59.095539779051386
59.106838622047704
59.11892134996411
59.13139518877327
59.14244786545216
59.15442569083646
59.16584172795349
59.177174504491504
59.18865861143286
59.19907088464355
59.209501550721626
59.221565256380394
59.23250486673005
59.2438909981286
59.25525301784434
59.26670544784626
59.279140411283194
59.28954779905979
59.33119375891408
59.37860198419925
59.419741049378054
59.46673182724378
59.51211006960613
59.53895164425197
59.55040755634239
59.561939538359375
59.57310078367742
59.58525631609229
59.59682489408288
59.60835552838944
59.635963785430135
59.648030798372076
59.658537504604524
59.669472974820174
59.679730933413495
59.68882847633686
59.69978303501676
59.711270876792994
59.72261688233409
59.73469359639831
59.74717195931707
59.76120169644617
59.7753224806187
59.788840895883276
59.80041215224991
59.81093490916158
59.82251051886083
59.83593012489853
59.84742078464962
59.85780129358029
59.86914159488416
59.88126786607254
59.89213789825222
59.90363089558376
59.915549543120164
59.927022937219
59.93807156239261
59.94886230733259
59.961354772153214
59.970727797481096
59.97622895768601
59.98063632541854
59.98547548774701
60.00056069977314
60.01477031710161
60.02028387861903
60.02494784924905
60.02957809514518
60.03632532030163
60.0430705436267
60.049713625902335
60.06507271063793
60.073191458654726
60.0802737574737
60.085804210689204
60.092633952346134
60.098481153039856
60.10996702973463
60.12170534289235
60.13324108723565
60.144699925701055
60.157182597464626
60.16827487015611
60.17840698704386
60.18878765047231
60.20092466616276
60.211361311393894
60.22117557626657
60.23213466647178
60.243516229820116
60.25453042331906
60.265999097681686
60.27739508439587
60.28885626747571
60.30074323000115
60.31229228736513
60.32389929185488
60.335788438424245
60.34771070179982
60.35920915792607
60.37059202913201
60.37987726807616
60.38967650795105
60.40066624432394
60.41263981534391
60.43282018979085
60.450923630622405
60.473581776188624
60.49177871896784
60.51337385055757
60.545666123073644
60.58917751453082
60.63218161114157
60.65264783802805
60.69252853917316
60.70300009740148
60.71493914654189
60.72645081470588
60.73761811810309
60.746313877002045
60.75560423686662
60.76730751445935
60.778675883257925
60.789565349728065
60.80104168857636
60.81204409129118
60.822060396129494
60.8311479080902
60.84031123803763
60.84914767477214
60.896382694358095
60.93893712138241
