File type = "ooTextFile"
Object class = "PointProcess"

0
37.939954648526076
436
1.0999739948889609
1.1152250177662808
1.1437570936663908
1.2326716877227082
1.2530675050639744
1.2724423808576426
1.4292233824134564
1.4489177718675335
1.5643267286008036
1.5856376463043131
1.6051362082178604
1.9085663874859593
1.9275956873894344
1.9479718589945672
1.9681457740184718
1.9877340549984628
2.0072371024300777
2.0263688450365356
2.045828840183347
2.0648302758950767
2.0850733067393636
2.1047492532284156
2.1248414874966857
2.146511863768215
2.165910340180824
2.1877801562935844
2.2093596582827613
2.2296647555430362
2.250968282497942
2.2717535749384097
2.292011194312923
2.3101477559555272
2.3302184034474247
3.666581552039754
3.6818141487912355
3.696968594383337
3.712825405194238
3.728725172989182
3.816578020355429
3.8360687291305244
4.193771817738075
4.208808807733619
4.2237238264701125
4.736083088585539
4.757456172366157
4.778395451052231
4.799777553763266
4.821603330501054
4.842211125584986
4.862233907373926
4.88242713250652
4.9034333290725485
4.9238341511921915
4.946669439273316
5.085215058080524
5.10021978021978
5.112896024054104
6.006114585050878
6.020551223491541
6.034734216493615
6.049676770444335
6.064766397967776
6.079875568960672
8.08200808945991
8.097828052405058
8.114829496386745
8.131276947398677
8.148349320796632
8.164966630185194
9.154385511771089
9.168871512087955
9.183454943274493
9.197858989051626
9.450344082559607
9.470461924834833
9.49075368803832
9.511631843213475
9.533982031143237
9.555354108161696
9.577534533612116
9.930165851793188
9.947978358778228
9.96691342922914
9.996009728926149
10.012049332791694
11.238153921120395
11.263208391822337
11.293190158176403
11.983096853900033
11.998148801576706
12.008391691942819
12.01855028238472
12.318708636531827
12.339056943649734
12.360808737288632
13.029963479650123
13.046815963434039
13.063715155373771
13.080400135874449
13.33764573959155
13.352987821743293
13.585303859716811
13.60499433106576
13.74386679979048
13.758809124119132
13.773691388750622
13.78870432584644
13.803156803410833
14.222818107907866
14.24209007027409
14.326342872118673
14.345611537062316
14.365833057547345
14.385666577374204
14.404641584123343
14.697444727891156
16.031212751767377
16.04485339961396
16.474304717040063
16.491786477070214
16.50788249617972
16.52588077243088
16.544090460430603
16.561422515458663
16.579898035297433
16.598339470519427
16.617448082575315
16.636451598586746
16.655695609857887
16.988377740387236
17.003156703034676
17.017456655265693
17.044756599305142
17.05927900845384
17.075576611597022
17.088229177014842
17.105611185180564
17.122055318948643
17.14692996841594
17.16172423638319
17.690117157974303
17.816885894870957
17.83670928950853
17.85606167025215
17.881121020386125
18.146175047362814
18.164447795152782
18.182934310140954
18.20136556764298
18.220500918741095
18.239459746940714
18.258112622175286
18.277862848121462
18.298047783044005
18.32085776058773
18.73141735262842
18.751879890922318
18.772689413565782
18.793081033767912
18.813367534886343
18.83534579310978
18.856497378415753
20.340130443531226
20.356368433991882
20.410248567853184
20.43602985112337
20.46163878157637
20.48406779262864
21.19758683623073
21.214818380755187
21.23200459045407
21.249256799985652
21.264385246788944
21.311715636609254
21.336924014111364
22.256250391277707
22.281360671454742
22.31359599395314
23.160047486678785
23.17744273355643
23.195619514981566
23.305110607205847
23.360770899143002
23.38068107157393
23.400338430224924
23.430851663677387
23.446620710317408
23.46198641248331
23.477416991658217
23.491367784469208
24.115356140525513
24.13009446280655
24.145334252444435
24.15971914459985
24.272973759269565
24.29119359988894
24.309504036758337
24.373828772670002
24.384497732426308
24.394571681928284
24.462371884758106
24.481932389814162
24.501774747646838
24.521727324598228
24.71403826489767
24.731936928125887
24.7496510664107
24.76830645215627
24.86289650013492
24.882050754506245
24.901134111339804
24.919991140354142
24.93974585205867
24.961458307799287
24.98135133377707
25.244420405662417
25.265373340558284
25.284356192927625
25.30426775298916
25.321567936874363
25.754924795381957
25.773612852548432
25.791286091581153
25.810907017049473
25.839264247320173
25.864486191827723
25.889898320971977
25.914632219929175
26.54984540978029
26.56909707867931
26.587989641413426
26.682706782936894
26.888637553231423
26.898796453322717
26.908066007230765
26.91826436356797
26.9282992203289
26.93831275177643
26.94828661034306
26.958291532783406
26.973393427081852
26.983022647354222
26.993288970965093
27.013513920622675
27.170824270547072
27.62496852391483
27.643770862634412
27.662033530742644
27.681326284899928
27.70371392307312
27.72383779706543
27.797840674101703
27.810084755829024
27.822841176978187
27.835801780344436
27.849499724199095
27.862755466212082
27.882063937238012
27.896624616273666
27.910943929878574
27.92568369247982
27.940681450069206
27.956095711741597
27.970748286176384
27.98563581926109
28.000284899194323
28.015414979427568
28.199039823287293
28.218095146851738
28.237908482670328
28.257933959101955
28.27688608018965
28.29602667915662
28.31526871197951
28.334642261082557
28.3538568493235
28.3715891736813
28.391197493982236
28.409316283475416
28.428927901484506
29.500147220252533
29.52060454187953
29.542983228863
29.565510068454195
29.58781431090955
29.61091414244058
29.637019357143696
29.660119821570014
29.684031478354445
29.811515467342517
29.836707832752236
29.861980101309406
29.88764023370906
29.914417831932585
29.9418080479504
29.954322123759752
30.07662927037035
30.093018294374822
30.647163373285828
30.796163487804638
30.814237387467234
30.830078988292197
30.846767132309306
30.86438175165395
31.074288467713583
31.11505506342148
31.127189605070964
31.138147590013023
31.149669342163673
31.159738827357607
31.173180580923482
31.828494129106303
31.84867428957399
31.864140222097475
31.987102343683933
32.00662313806073
32.32137771747506
32.33495082358658
32.34912019469532
32.36451883479331
32.38014594739541
32.399047778258016
32.41896329203985
32.73285367043253
32.752099741770735
32.771002108552054
32.789999883724875
32.80937222643827
32.826384729434174
32.84595054854036
32.86563712198483
32.88532292142487
32.904807417386785
32.93826314866929
32.96121718743995
33.65223992414659
33.67111725921794
33.69141386493933
33.71054833700863
33.72974164460526
33.748807603686636
33.766285125612825
33.78373659270562
33.80111521849981
33.82655870069354
33.8474003747214
33.99233827425679
34.01744144424255
34.04022813541427
34.06313272601047
34.08338201222518
34.1032547785072
34.12167085086253
34.143589032258845
34.162101259240266
34.23095860860845
34.244620787023045
34.26163913184321
34.28007455876544
34.31023662798339
34.330497002453946
34.35509684092925
34.3912333441313
34.435577426428274
34.45598403431458
34.47821901954924
34.49997318479965
34.52384121981299
34.54965954696054
34.5745733235368
34.59815157199383
34.62094075997214
34.645050505050506
34.669348534106966
34.69274047342993
34.71683639361522
34.74065610916445
34.76437210701961
34.789312012377195
34.813442753891664
34.83629989024594
34.904187528960016
34.92516679164591
34.94541280369637
34.966692122172084
34.98698973269395
35.008038548752836
35.02807324463888
35.04954562394268
35.07188007463999
35.09295457854553
35.11535894781968
35.433930772276646
35.44896895555696
35.4636024007057
35.47801252825891
35.492513313669235
35.50688744523265
35.52100495712
35.72800097352696
35.747236941930545
35.76660757955494
35.782083455763335
35.7969333106895
35.81208532622635
35.880873015873014
35.900916885510675
35.94833275851207
35.967793954980365
36.09931102975883
36.119770855710705
36.14108024768333
36.38358667847783
36.40267917189704
36.42160285135598
36.43971227484705
36.45651633742911
36.474054019208005
36.5477427367346
36.56636114632809
36.58562224204163
36.605906660983436
36.626457692464484
36.78663437312524
36.810044473645505
36.83330239481916
36.85682106093887
36.88206421017039
36.904825754863346
36.927746936545134
36.949337209438326
36.97263069835643
36.99422846458408
37.01562171849054
37.25299622071051
37.40877267573696
