File type = "ooTextFile"
Object class = "PointProcess"

0
30.722108843537416
4649
0.29876256817118224
0.3092937373666561
0.31575098995097367
0.3235315358947827
0.34039971601924374
0.34745225734722873
0.3556785851467128
0.36530593966694674
0.37428986539919906
0.38317044304060377
0.39193267211974175
0.4007896813307738
0.40925968811782887
0.4179944442084024
0.4268973973607469
0.43585946970104417
0.444899497474088
0.45382172931485576
0.4627419074049319
0.47138273080239346
0.48001277782147134
0.4882856322969707
0.5223317605078371
0.5330445966490333
0.5493520300857531
0.5607583104939688
0.5701917180275985
0.5784207482958466
0.585317158944709
0.5919350285645155
0.5980601183562856
0.6048747226631439
0.6114357831773093
0.6201475453238096
0.6289021595860227
0.6376281539371111
0.6469223736072768
0.6559569624817824
0.664861276932465
0.6739566992314312
0.6828062801762889
0.6920419966385368
0.7011901294195161
0.7102329920721874
0.7191876941223535
0.7280904629557258
0.7379625233067582
0.7470902058895785
0.7562533657612664
0.76504911622514
0.774062562697361
0.783341162282459
0.7922769054803379
0.8011668643309056
0.8096674728462089
0.8189809198193735
0.8284532288339623
0.8388194699788409
0.8743868499845593
0.8925078831881746
0.9368605936570793
0.9450675516288359
0.9544053887449073
0.9637829136141133
0.9714209364506625
1.0236188354005542
1.0319836161898959
1.223161133253298
1.22471013011542
1.2262408302682135
1.234180004955004
1.2486524682907296
1.2549254942988917
1.2616244981921279
1.267496156761142
1.2731504896224677
1.2800324256825724
1.287882505350447
1.294953848845126
1.3022093445406382
1.309031456554253
1.3156856297873198
1.3219218054894586
1.3276399105617884
1.3339221342569934
1.3406069869817197
1.346293373182735
1.3525655325613373
1.3587356360668568
1.3645363798591341
1.3705530567436826
1.3764222235746966
1.4873241959527363
1.4912446126955898
1.5002644871307926
1.5041067681886495
1.5081864183006433
1.5121818962346945
1.5154140124096622
1.5202361600318748
1.5242361959356214
1.5322894856961056
1.547600924119427
1.5590219808513193
1.5687849162447904
1.5800429380823875
1.5891042941954012
1.5983293276753479
1.605837993288135
1.6150734609282202
1.6228216100140416
1.6305906614563226
1.639576605341835
1.6473363413286326
1.654248553998746
1.6838862735565217
1.6910480913270312
1.6982150681154378
1.7546489137121684
1.7596963029967252
1.7646385047612203
1.7724040884174181
1.7766227792488791
1.7855195983962875
1.7895707922873278
1.7936464774165504
1.7978611278025565
1.8028758922038786
1.8079049175422899
1.8119632652949655
1.8160366850187155
1.820068275072258
1.8251208710052322
1.8307948843700308
1.8327805398763413
1.83494108420174
1.8369825400868116
1.8390405537893628
1.841185544106811
1.8432102483054575
1.8452178205089345
1.8472148606307963
1.8492274054081443
1.851329083297972
1.8533196567307078
1.8553120932464366
1.8575269617502046
1.8610953059355726
1.8630850684725835
1.8651091833572386
1.8671389218839798
1.86918288206627
1.8728383062717051
1.8748000627710313
1.8768431381911626
1.8788842349648591
1.8808983471991536
1.8829303098556698
1.8872772707286272
1.8892864720371658
1.893148082256945
1.8951638580126335
1.9016712968515306
1.9037528125372172
1.9057355469139916
1.9077251598038594
1.9097953047683405
1.9120472511434081
1.9214122642925937
1.9234634404835969
1.925549121620544
1.9275918974274109
1.9295850704877406
1.9316142758799404
1.9336522369530784
1.9357090458938468
1.9377683447278957
1.9398191453880504
1.9419025247161892
1.9439352573581439
1.945979120561155
1.9480277504589427
1.9500500166686203
1.9520836660461478
1.9541276321420749
1.956211963234287
1.958243448254682
1.9602976738244753
1.962337721400064
1.9664869083539476
1.9685894118030234
1.970662938982484
1.974430995255156
1.976498824521156
1.978560679610574
1.9806113115094401
1.982683415099268
1.9847515010647365
1.9872831113165412
1.9893035021406984
1.9916532607585904
1.99916656474088
2.0035565987554587
2.0071874663156772
2.0107808379217222
2.014860965298985
2.018943889108401
2.02246741961648
2.0268514627391014
2.0309502203124516
2.0356462104265356
2.03973267158888
2.0438262883430443
2.052693711367715
2.056806994567622
2.0608978613353783
2.0650193815003046
2.068481477948076
2.072587179115228
2.0767027039660335
2.0815462695065348
2.0852148702672366
2.0893207752309135
2.0934655817451353
2.09758233740497
2.1097116588569724
2.1342711213126284
2.145692702626674
2.153249726272534
2.1607682686596403
2.164859826329562
2.168298853757974
2.1723794263429226
2.1762127253805175
2.2673294276971445
2.3364044658442205
2.3549303256642555
2.3626246787106466
2.3716723786497727
2.379412551834311
2.4177607338527403
2.4277447793395583
2.4369637657378935
2.4472109833792115
2.4990825433858235
2.5180335441238952
2.5274210523317358
2.5368475542423266
2.5459392566011374
2.5742257782894264
2.583345305280127
2.592441613986674
2.6019437696153846
2.6107765933463374
2.644421128309089
2.651901663356854
2.668057107894547
2.6785139715352835
2.68708959737552
2.697120925442714
2.7065883675476985
2.7149710835619816
2.7242920995208815
2.7436904622799894
2.752780692482697
2.7631161672721674
2.771891196977164
2.782253310778827
2.791934954555447
2.8016768870040485
2.8107101414246056
2.82151740113813
2.8309104360444897
2.840046847189199
2.848780132711279
2.8574893883519494
2.866545577967679
2.8761929268968744
2.888881184167966
2.899135131689191
2.90970769219126
2.919742870253725
2.9300728893921724
2.9406264337055177
2.949410064315178
2.9575327064710777
2.9673893979584682
2.976246067812977
2.984964144604767
2.9948400664479267
3.0038260478550747
3.01426803935505
3.023665197795156
3.033624755766139
3.0614987897804884
3.0714332820017227
3.081214068172648
3.0912110883569115
3.1014386744961615
3.1121630613043245
3.1237038866583773
3.133388641989239
3.1444086271570995
3.1487433174930963
3.1535448845570078
3.158305014003798
3.1630997815145068
3.1678416146692117
3.1726162572756853
3.176282194469828
3.180614894250626
3.1840938514486483
3.1885142367678863
3.193401715233428
3.1981154739158106
3.217695987843773
3.2316730096950916
3.2446516066876887
3.2570721505756515
3.2692817891473864
3.2778135052470603
3.287918174133548
3.2991441217717843
3.3084334269603577
3.3280173334901395
3.3377689428060546
3.343945399645853
3.348835262969265
3.354031911338076
3.359031400290698
3.3638583905690287
3.368910518254935
3.373885361753684
3.3788692525385247
3.384131156547173
3.389085561443453
3.398945273937177
3.4039432176979187
3.4093369929930777
3.4141341792618354
3.4191602029271744
3.4235805637212273
3.4289431860705917
3.4340223477040195
3.4389242560283724
3.443489180638931
3.4480510260612727
3.4583136208936085
3.4628289209595233
3.4717388220594882
3.4757525925510793
3.4800762113798447
3.4843934806480608
3.493158831502806
3.4971120894509404
3.5022616690245063
3.5065787931495778
3.511269294350056
3.5155800714186736
3.5198069495646807
3.523896542593853
3.5289521612653325
3.5338632336743663
3.5477159724198803
3.552861385286555
3.557658776555652
3.566822789404277
3.571843576534432
3.576041377220976
3.5861057246469192
3.5903525988696776
3.5946565478082517
3.605923439320132
3.6136608718808927
3.620144834604848
3.6261523215388496
3.6325973825855162
3.6378621519495993
3.643436300760488
3.6540416283160475
3.666635071033402
3.6799629523443547
3.693018624849551
3.71661712409777
3.7285395949950093
3.7388957539183973
3.7504760929709464
3.755634897957133
3.760817314383848
3.7668753731000595
3.772101392151284
3.7770347816747196
3.782733053987537
3.813048205170188
3.8247116218696187
3.8367542637329293
3.8488212780538134
3.8610879796894833
3.872224966089972
3.8909511587295853
3.898416550412168
3.9061381964536315
3.929437565951924
3.9400672485773898
3.951734917900165
3.9611352099600365
3.970620075211005
3.9811481021860833
3.991622808588084
4.002292679975006
4.01165109101564
4.022301005407806
4.031311525920851
4.041295140317221
4.0466596570360185
4.052055027753368
4.057429346222381
4.062788805837836
4.068247006362527
4.073576850988934
4.078951510803341
4.084302901547905
4.0982598892112225
4.110937251856885
4.123347355755557
4.135588811074957
4.148878333659293
4.160067840579304
4.171264772895886
4.18382682783411
4.194790887228357
4.207441385749708
4.22019264114338
4.232997964392411
4.239414505885648
4.245299514595887
4.25196091437505
4.257883158773069
4.269151360502699
4.274585463662679
4.2800838825778875
4.285446568577101
4.290879587714897
4.296471809613392
4.303214624142482
4.308620213743183
4.314015249611389
4.319555553898376
4.3250065783052865
4.330458124445711
4.335919052902307
4.347976994060191
4.35330943560786
4.360065295904441
4.365470338633036
4.370911925985692
4.376355921833141
4.3818196780164005
4.387255246016694
4.392750586352642
4.404247940588384
4.409842498110355
4.415128735334866
4.421095687748279
4.432852270033684
4.438706118321478
4.444166940672532
4.450564007344505
4.45608737028282
4.461411629855728
4.467488489102508
4.477620122397676
4.4830241327207885
4.488444794721141
4.493927442489705
4.499355905465721
4.50480458923699
4.510233872291154
4.5159712426530545
4.5227166849272615
4.528244586027254
4.539041041931407
4.544469226891864
4.549910961752445
4.555528922153442
4.560911091013639
4.5663494986638575
4.571730113315863
4.577151377259307
4.588589649534471
4.613640815411142
4.624714523415955
4.635636763869981
4.661715075825738
4.67064951799129
4.678031405098834
4.6867940363170195
4.693963219732806
4.701069795735238
4.70766616921804
4.713951724437672
4.71991370755851
4.725383472754307
4.729696875011478
4.7338721582118355
4.739228098751238
4.744063680279904
4.748708234864919
4.752906545350908
4.75775857324646
4.76284534468257
4.767337430965067
4.772167235082416
4.777368051057297
4.782660048031978
4.787289740554409
4.792692100411256
4.797285206309622
4.803890632552019
4.809269811732497
4.814885591747852
4.821524426362509
4.827197883514344
4.832860925919825
4.838374959265577
4.844707750039826
4.856503370948618
4.86717106805918
4.871853964372054
4.892012541071545
4.897832400736393
4.9048332014236
4.909745637385389
4.914586604628286
4.918452452251019
4.923082728518915
4.928326932578229
4.960811604774673
4.977105387466484
4.990136098548697
5.00517280764072
5.017455163883735
5.028255779505966
5.039492182347957
5.050538048428379
5.062907390191991
5.074158217443845
5.085398809921108
5.12692069849737
5.133055797100044
5.147894787363962
5.153699300009859
5.16285044400435
5.1674343672617855
5.174212940922173
5.190245386376894
5.210216056551248
5.2219960840418
5.231162121530038
5.259596969090891
5.269253960494273
5.280140690860512
5.293216094432062
5.303428530090022
5.340966093515182
5.351844700294748
5.36218238312717
5.386036184277737
5.3998786162659
5.403209718351644
5.405845737359691
5.408156270626851
5.410369688409616
5.413175612844297
5.415552386451363
5.418215492773146
5.421016366719225
5.4269909974323385
5.4300188136668925
5.432958993900883
5.435610686428065
5.438438672520256
5.44132647435133
5.444652712411107
5.4471849787588145
5.449947333832664
5.452696790253639
5.455722047464336
5.458430016818688
5.461133240208937
5.463339712222107
5.466409969711543
5.481063473337868
5.490415728783645
5.499752273591493
5.510648681639442
5.521453689672235
5.530936160710099
5.539396570493928
5.548288592274156
5.557997869997654
5.569311280993994
5.576822222239573
5.586030697595968
5.595213235896303
5.602461343390933
5.610471733905522
5.626268441451082
5.6367368346737745
5.642399745288355
5.6527829900003805
5.658108260879935
5.663615290573364
5.669150279880135
5.673993673435697
5.690593815551087
5.69572311295279
5.7011920844013995
5.706669991786986
5.711724741646868
5.7171465831636334
5.722636431561673
5.728118729845201
5.755632400584574
5.762319542335042
5.767802530815935
5.784236994368506
5.789494324255238
5.794417831207931
5.803349535961495
5.808117517350953
5.812996573754094
5.817171061390053
5.821384365920829
5.826110775686195
5.8310532235275305
5.835676636640621
5.8400500975794944
5.84415018746595
5.84882824828871
5.853673746565808
5.857990802572921
5.86252445454819
5.867082718304003
5.871732470829957
5.8762278409714295
5.880693372558772
5.88512177795144
5.8895713522073425
5.894157577988778
5.898469998708106
5.903018796253154
5.907726912870028
5.912055045742404
5.91592536546388
5.919474141208924
5.922868828691948
5.927352421298783
5.9344125509794665
5.937830880087789
5.941217148650075
5.945471783293789
5.950537020327384
5.955351360215142
5.959177548827638
5.965146672159694
5.969407434261446
5.974501423498748
5.9790082538708615
5.989047525651038
5.9932309398621575
5.9985838418669335
6.0408853750762495
6.050798700432554
6.063764731751216
6.066208262575275
6.068884507633565
6.071723200731559
6.07430026400344
6.076775190792196
6.079377790769385
6.0824795709650346
6.085124584771514
6.087318882355202
6.089864251331559
6.09247361281105
6.095181449977732
6.098138453116291
6.10098551410545
6.1044327519809
6.107002367862454
6.109262930479892
6.122853746423757
6.131314131682239
6.141804875013726
6.153950151362401
6.164084444182849
6.173113973721875
6.1809786973722405
6.188309549140408
6.1988335965582175
6.208943535240457
6.219238476605656
6.227539821236237
6.232112438097454
6.236585221361653
6.241200159302449
6.250139398679146
6.2546391432035975
6.25936020376272
6.263901206113247
6.268812407237189
6.272236945762669
6.276723751763558
6.281591477871746
6.286344439904229
6.291266710797549
6.295939193235776
6.300821335272467
6.305385015117158
6.310031431995421
6.314606051724481
6.319116987474911
6.323650328282552
6.3280450147610985
6.332838326083489
6.337547389518673
6.341927049584788
6.346846601398005
6.351466711083954
6.356297001091532
6.360708255858248
6.3651690223056585
6.369742155277037
6.375120021653384
6.379123635976871
6.383370006254835
6.3974438334539645
6.4091629172477775
6.418419066667899
6.427842297162235
6.436045020524726
6.445468159486016
6.455759733458159
6.466421437004912
6.487457879193503
6.496703865604221
6.5008236545031926
6.510744506453951
6.515821609886959
6.520478529467679
6.524760368818003
6.529041438387211
6.533396164115204
6.5385102233129535
6.542731578897156
6.547622740561782
6.552107342352642
6.557018419240326
6.561395491573191
6.564919968800976
6.570040278670916
6.574344731164316
6.579538301224334
6.583862537033683
6.588334142600983
6.5924312352668615
6.596857982333349
6.600886668574379
6.60546449565754
6.610193867530385
6.6151326384199
6.619808850623583
6.62453617594667
6.629767861464249
6.634040373092203
6.63789747688468
6.643732628162299
6.648576100993251
6.6534330241728314
6.6576964069664015
6.662595043504731
6.667563665224913
6.672462612689878
6.676960886674746
6.68086832128961
6.684775644355372
6.689227621912298
6.693581686688496
6.697967458128278
6.701879973042475
6.711127831887658
6.715048983365043
6.7189500689228865
6.722735422363261
6.727030829495398
6.730923316966543
6.734300547020461
6.737326837071863
6.750226073697176
6.760644788556406
6.76545012473235
6.769831845683827
6.773646793922416
6.777151674416905
6.781305602259882
6.784946280633646
6.78983484578753
6.794957534811401
6.799857745810962
6.803791267345075
6.8080273169212795
6.8119476153195135
6.820567314693902
6.825016736249477
6.8292226334573645
6.834290447168727
6.8389578667225805
6.8433657790515
6.847333227943709
6.8516501668071825
6.856429455619064
6.860670796464313
6.865029767629184
6.8700172520594815
6.874452370581802
6.8778475243030135
6.882393921039405
6.8861177954101045
6.890519800110566
6.894082430920922
6.898802332213349
6.903523534790673
6.908436204789931
6.937123532596323
6.948425489854062
6.960250947127017
6.9720892907419305
6.982929362597346
6.987549881320121
6.991614343881079
6.996237071643195
6.999938192609796
7.017018155107365
7.025877524156613
7.028748784368615
7.031296346148643
7.033874412782672
7.040036767795327
7.04313831855096
7.046199757145044
7.049231468586128
7.051776157974542
7.054274025173395
7.056379500175828
7.058839735120425
7.061320457653205
7.063839157257697
7.066451926371908
7.069346439097833
7.071763084167957
7.073845232657382
7.092456915316189
7.100508036281443
7.108714718457358
7.117604953404165
7.1267326368071995
7.135196959997406
7.1454198741201855
7.167595768295749
7.171407228450202
7.176507815217312
7.181827193569888
7.186008396923812
7.190546820988262
7.19523726494656
7.200206408550565
7.204788154468103
7.208776840894801
7.213284425002517
7.218135208748988
7.222855345724278
7.227468554406175
7.232425296723173
7.242101716243456
7.249693371442597
7.256802700914292
7.264089624247059
7.280832862792746
7.288561727487098
7.295827460010878
7.3025832485702455
7.309365440191624
7.3287801419821035
7.3391215444571785
7.349556186101138
7.361630127478285
7.384087964776662
7.3891197552169565
7.394092488085559
7.399043311830768
7.40358382158923
7.407588022264386
7.411731940052023
7.416564389273352
7.421678858543495
7.443134868994376
7.447546656265532
7.452324636486127
7.4642982737553005
7.476920607600469
7.48954651264181
7.5010178526939475
7.50607911928368
7.510405889287365
7.514722960213266
7.519052442904108
7.523744540321721
7.528931749789034
7.534025317497042
7.560072461080859
7.56781929513644
7.57526478383766
7.583933118739458
7.593232017967493
7.601583960379997
7.609275850764001
7.620309794506265
7.622348351501585
7.626961238766362
7.629453235496217
7.631325564678582
7.633608712339282
7.635692922942049
7.637756667221425
7.639711264153193
7.646360998350956
7.660637463912408
7.662898141185855
7.665421004494131
7.668154359836205
7.673383115061898
7.675754401663522
7.680748578092403
7.68266445682235
7.684609670417836
7.6868379486102745
7.688840498049025
7.690852912178116
7.696626959947123
7.69868636692744
7.700804864810471
7.702854165231248
7.704809452365304
7.706464426525878
7.708749412552869
7.710522860256682
7.712143234306137
7.7143565997836205
7.716356321047176
7.717975979027006
7.719618185579955
7.721640205826081
7.7233779391868165
7.7254134859005985
7.7277872466487425
7.7294079559770195
7.731675158976355
7.73382100646998
7.735547114521332
7.737656261559832
7.741136045060608
7.743264859516336
7.7452931170386625
7.746949101981815
7.749007454660972
7.750515200658218
7.752328409176366
7.75381365410313
7.768006226739969
7.771858757813971
7.776183726019659
7.779794091032119
7.783538473167045
7.787757460187073
7.7919670337681834
7.795553583118092
7.799252731293385
7.80227933795264
7.809837317080029
7.819351468886709
7.829146832330574
7.837167085267328
7.845309314558872
7.868118160944382
7.877044752510362
7.884446665991483
7.891908809210675
7.900428907469287
7.908010683209201
7.915708761970399
7.9242345179757665
7.930968292688339
7.938596987326328
7.946012631162272
7.953535147392291
7.96427671387001
7.9730167952460445
7.981592406986956
7.990061928382579
7.997634207273889
8.007516364384443
8.01636739111683
8.026226550717212
8.036138906157811
8.046471601783475
8.061888321579957
8.080358587112194
8.095846500932716
8.103555281456222
8.113607034772361
8.116331776111588
8.11897973478108
8.121370082359128
8.124277720449847
8.128662337466611
8.130682693680793
8.133418511792696
8.136287471405662
8.138921505706199
8.141605759502875
8.143918702733101
8.14687976559343
8.149029691207659
8.151049369413013
8.153085989686915
8.15551710271004
8.158174784604837
8.160821439578664
8.16723202615065
8.169836103398652
8.172129931476602
8.1745683909328
8.1774873051242
8.180002697616533
8.18261463115604
8.185566449795637
8.19065355623358
8.192863968026618
8.195425332578997
8.198188996947222
8.200457232766876
8.202667579942526
8.204880037066163
8.207226640971069
8.211611797704442
8.21396152065284
8.216474419825335
8.218944360283606
8.22120088389507
8.223404174136448
8.226282813061548
8.228152029030896
8.229999612723079
8.239408218102005
8.24379645761222
8.248230559367581
8.252637082762945
8.257244517971126
8.262362639812025
8.266165884790272
8.270688727945961
8.275249049516088
8.278614824524437
8.282680388394674
8.287209914887875
8.290934476003157
8.295620617307936
8.299905067350478
8.30445552796559
8.308982906093993
8.313165820358313
8.317241783058297
8.321340552496268
8.325035544519102
8.329784613068549
8.339698847619559
8.348020300183565
8.3614983701204
8.366231911957343
8.370950509513483
8.374995526296116
8.37906037945765
8.38354213264556
8.387891415864985
8.391770817478479
8.39551404648831
8.436186626821176
8.444644470104128
8.453750480825963
8.462742316186652
8.478281507533769
8.488120949962578
8.498912008975836
8.530674240244352
8.547051476575376
8.555120565148671
8.565498513081122
8.583871727782029
8.60613137158131
8.614725015855319
8.619340408882112
8.624064062641292
8.634978636256557
8.639583046638101
8.644116657569594
8.64785044575342
8.652635164809453
8.657761405905768
8.662506989884816
8.667121092657368
8.67225334227118
8.67679581477261
8.681304452537589
8.685816180753033
8.690203720897212
8.694922179336753
8.699729254351942
8.705265285720188
8.70990812790802
8.714374815691881
8.723745012942484
8.72911360883474
8.73357469113597
8.738087742846737
8.742326801468833
8.79106665070214
8.799747760209922
8.809104531752286
8.817855708111077
8.859646407029404
8.869165805910994
8.879338530166102
8.887194804143599
8.88929910937776
8.892028464913855
8.89467843981023
8.89769828479478
8.899703360993305
8.902028270794617
8.904403948411458
8.90689862381054
8.909232430673834
8.970599412443805
9.026196963076574
9.036621781713517
9.04704123099426
9.056577866713722
9.068043687819474
9.07710671003895
9.08598572295634
9.096679490574022
9.105588171596583
9.112758240463446
9.12163611740548
9.127111893402208
9.129072698001343
9.133376212522066
9.135792387454059
9.13777575249581
9.13977084595516
9.141596386229148
9.147414801902592
9.149427496984178
9.151351609723358
9.153765458205381
9.15560292845986
9.15734235322075
9.159093164273694
9.160892715434292
9.164466671099365
9.16622277076525
9.16801594655449
9.172530540648756
9.174313164651487
9.176110117904718
9.17787760031145
9.180099712128497
9.181964303437406
9.184046329771018
9.185879096632794
9.18772094468227
9.18962224202049
9.19158300166709
9.193481557971936
9.195332455700353
9.197203510659545
9.199087950587638
9.201009734200744
9.202922954254925
9.20481154715828
9.206707945558119
9.208594816550583
9.210511039680412
9.212425198673339
9.21431345717338
9.21619093329804
9.218102808890885
9.220016945742008
9.221920422357456
9.223776436543135
9.225594329677767
9.22744083294863
9.229627163692438
9.23141443446329
9.23332233459514
9.235258859874506
9.237169251158559
9.239115059013946
9.241062363449853
9.242972416724422
9.24495469379543
9.246768702232314
9.24853840018051
9.250537508141083
9.252541091625115
9.254600046553826
9.256728927711588
9.25899431545581
9.261007996877668
9.263347662556223
9.265519440733575
9.267537107325499
9.27018262003905
9.27220565758557
9.274225107270903
9.276092533852465
9.277940395606787
9.279841480596412
9.281729220030618
9.283723905901136
9.285806955348544
9.290585445246862
9.29551780758158
9.301550122762693
9.306452162938077
9.311513543975012
9.316393603480241
9.32018000962341
9.324024943310658
9.328888387568407
9.333575393088553
9.339223704782205
9.34379491271128
9.348287761702629
9.353123580770328
9.35764238203578
9.36221568541876
9.372900001959058
9.381775842765466
9.390283687943263
9.399680948809202
9.407903069697438
9.417443327076839
9.422771140759655
9.434225411709988
9.439355475523543
9.444223788879938
9.449365953840802
9.454598996482968
9.463655926043964
9.466989287616462
9.469872856767243
9.472590387360592
9.474981405061257
9.47762737612021
9.480447713233763
9.483716198142153
9.490316527743104
9.492621586528541
9.494817258344648
9.500005086330688
9.502695209523345
9.505371897231745
9.507530842889498
9.509788775809929
9.51196851166551
9.51418701503584
9.516345345796909
9.518459482437043
9.521066700365488
9.523755239777003
9.52560012670236
9.52787842209385
9.5302073086417
9.532917077043065
9.535615575497955
9.537922461418564
9.542120874073102
9.54456273682574
9.548647393575
9.550859743377902
9.5530671761169
9.554914151039036
9.557004450096894
9.56399684408115
9.566133583003767
9.56808436118857
9.570523295818273
9.572720188442013
9.574590241045778
9.578541589558979
9.5809741977752
9.58327817163202
9.585476332546042
9.587719299624084
9.590177519820474
9.592763942226004
9.595140026077338
9.5991994132319
9.601231761786845
9.603547013677705
9.605893537064027
9.60822211781245
9.610955977639485
9.613560268766367
9.675715190972635
9.686003006857657
9.694473809663831
9.703504861925596
9.72528691395667
9.737693420099134
9.748143828960155
9.759105877675937
9.76887000190356
9.784450482889119
9.79728164547454
9.818207138502547
9.828330377787951
9.83597321142498
9.83819206152077
9.840743776416948
9.84282152116011
9.847453404743337
9.849811751572744
9.852411740408462
9.854670413014013
9.860155509173367
9.862571912371642
9.865211365983258
9.867361922235176
9.869330551736029
9.871347671337544
9.873165381775046
9.87505200649999
9.876972385758311
9.879149999777972
9.88277579545527
9.884958980057233
9.900155038431176
9.911816655761085
9.923855431276676
9.938566021847054
9.95304783919984
9.966091376578571
9.981228246722752
9.994238147844271
10.021589429394012
10.033289412017833
10.043707192404751
10.054109342727504
10.063383956577246
10.06695800505987
10.070569947766353
10.074191996466372
10.07867575994225
10.082121615950747
10.085652784566102
10.089619029115507
10.093600248210281
10.09776922035389
10.102031614578198
10.105957047737963
10.110266918004681
10.11423331262404
10.117981391224388
10.122373943980637
10.125883652981742
10.133869238854864
10.138075286086613
10.140177277878282
10.144099557860851
10.146040117785255
10.14835929446436
10.150079568813652
10.152181654187268
10.154187816152103
10.15641936660338
10.15851017767962
10.160442009816887
10.162384432990986
10.165887085931413
10.16775857543624
10.194517918852178
10.196376739397857
10.198288575235557
10.20232530394615
10.204263681971906
10.206178566856833
10.208541208873033
10.210817595150237
10.212755244017702
10.214394107000288
10.216278412392471
10.217806952322626
10.219956738733165
10.221729706854346
10.223877433130568
10.226026847823178
10.230133193120492
10.232364775312123
10.234504541203297
10.241396181774356
10.245909283804556
10.250444947528987
10.254837384581732
10.259182826691731
10.263817260222078
10.273447581067426
10.277786980022094
10.282245308328376
10.287365346975138
10.29190924514302
10.29704003846861
10.301731851183401
10.306311569939613
10.310800832247857
10.316891924845903
10.321769209227295
10.327056569399147
10.33299561629548
10.338136841162934
10.342708717146506
10.34731582597336
10.351768954773716
10.361097978712408
10.363360655276908
10.365771602809897
10.368048802337084
10.370504102181036
10.372629040924409
10.375042062210685
10.377265209729886
10.379417523807662
10.38163930882895
10.384413186236614
10.38647416251108
10.389241173903704
10.391584233639634
10.393784703268828
10.395965624090588
10.398278917180564
10.400295867664587
10.402662143162786
10.40452761268942
10.411541793415886
10.413864803488309
10.41648281288003
10.421524253237065
10.423981707701367
10.426400334060299
10.428872997871471
10.431700232730286
10.433953425883715
10.43641803429558
10.438633481497758
10.440841028761254
10.443095602357195
10.445552946204275
10.467202192462132
10.483576719039105
10.491220569866709
10.499139825592769
10.506770375592152
10.514392916347632
10.522025516663774
10.528509473647388
10.54104416819511
10.54647253087027
10.551514263384778
10.55703200748192
10.561991589138637
10.566533469030658
10.570618326305894
10.575439467167238
10.5786019417139
10.581820864138622
10.585856102690215
10.590292783064434
10.593429384889
10.596274967879165
10.60188089424933
10.604774679204965
10.608885050533766
10.613397402940189
10.617458980349722
10.62103863784091
10.625129958292188
10.629551614775883
10.633087273975736
10.636858708926548
10.640766246993163
10.64453966667072
10.648399891914309
10.65536453223461
10.658991265047554
10.666444674200411
10.669869481122495
10.672715804328794
10.675954236326044
10.679820615885431
10.69226453928041
10.702189200221026
10.712617253410905
10.722591990319021
10.73521209540843
10.738885413091149
10.743527119797557
10.748578419985133
10.753039954394957
10.76182555957828
10.766027643188902
10.771433812416644
10.776273189263797
10.780851512744748
10.784778531584868
10.788755746142671
10.794229407475163
10.79816913061447
10.802592008965052
10.806498457060764
10.81041919376889
10.815478994338635
10.819985339330623
10.823729640045654
10.82682243673762
10.82980683099117
10.834259447230833
10.838710439808885
10.843508191476069
10.848911631199254
10.853085885938846
10.857113348560317
10.861299831698723
10.865213046767764
10.868722565356821
10.872717113001608
10.876055206288758
10.88012989739555
10.884561459707644
10.88945641007981
10.896758479991375
10.905299329453596
10.914093358984314
10.922693897629552
10.937983224120487
10.948117491108935
10.97003252667187
10.982913951659643
11.009922402935253
11.023032263150998
11.033705670455856
11.110913693873409
11.119748022221756
11.128994873805834
11.138091989514482
11.147109382612044
11.15612406022767
11.165075852859372
11.173943286597028
11.18315154232777
11.185581459275385
11.1878569779348
11.190323827467017
11.19224546482922
11.194399432422678
11.196583967661963
11.198924103765105
11.201393395024118
11.203794125099897
11.205661004620927
11.207629329965798
11.209608042458866
11.211953482214573
11.21462714726441
11.216497328164541
11.218947553703611
11.22134717908038
11.223685217518465
11.225606695588382
11.233150131830655
11.240070762156156
11.247405532354552
11.256669400620769
11.26491991371299
11.272138462308728
11.281819670350618
11.290427472112713
11.295064765892949
11.300157711796396
11.30495978395721
11.309965780987827
11.315026387368528
11.319995985880775
11.325187862068889
11.329787546349639
11.333954428972799
11.339038130382601
11.349158181172486
11.354011721225287
11.359092611390128
11.363343391636565
11.36868126227545
11.373556974071015
11.37837057314555
11.40259742769452
11.40976677418336
11.417993984999674
11.426159051066668
11.439056194143491
11.442136660153848
11.445433029750365
11.44829250505123
11.451259630922255
11.454188750973247
11.457463852013758
11.46038757822169
11.466602657002332
11.470974108314753
11.476228074657774
11.481177263245378
11.485708103233415
11.490007598360261
11.494048199774976
11.498543490685671
11.503156862462582
11.507894367328289
11.511732108924804
11.516114205605652
11.52026416601815
11.524858343584865
11.52940027862662
11.534494486643643
11.539090411231317
11.542799240709869
11.54714359708787
11.5518541346068
11.556488515661448
11.560942753888288
11.565202075393305
11.57000933808056
11.583714277950499
11.589182846009939
11.59460976602789
11.598725083775145
11.603897650306896
11.609312108873345
11.61758228008576
11.621958494455207
11.627553464370864
11.632605766989439
11.636624499629454
11.641521575414345
11.656793362765624
11.668026385192357
11.679268743564322
11.690488416151902
11.701588695122872
11.712417770002757
11.73330830464862
11.741177394464716
11.748985796163648
11.755301019636933
11.76212638681489
11.769176890869517
11.776382892918042
11.783651501420515
11.802581786159267
11.815091013858316
11.828191562561436
11.835532212677618
11.83940727476287
11.843789427945897
11.848447739553869
11.85296599281369
11.857319289218578
11.861804708869785
11.86659560080112
11.87121070821417
11.875798963274727
11.879962409101571
11.884665625164757
11.889199260273974
11.893128118585967
11.897012339793317
11.901603175607425
11.906220689177434
11.911030008926911
11.915752735808884
11.920301117656164
11.924791878581175
11.945532161221296
11.951585553866924
11.954008229020022
11.956422097385648
11.958663243000178
11.960881767494627
11.966684806003451
11.969392552331541
11.97187340826125
11.973926610843572
11.976510444934094
11.97885241938152
11.983139838972344
11.985133156193587
11.987602692184817
11.989915706584389
11.992080666263213
11.994570469314148
11.997124464548273
11.999222555400344
12.001544689583195
12.005900459087151
12.010942976615526
12.014828794613441
12.018768322501147
12.02319477969945
12.0275719420021
12.031562019969279
12.035238245391238
12.04326660939439
12.04998400636618
12.067481890572601
12.075937960096315
12.086856996562066
12.095422798804892
12.10416605402949
12.117767998606782
12.12430503011537
12.13001947220587
12.135813616846375
12.141487164536297
12.149163723961808
12.156321384546702
12.16319119442186
12.169623523518911
12.177217212466383
12.185736445760474
12.193323890095067
12.199411249636272
12.207019512896453
12.216075786411311
12.223705421138607
12.23054682179068
12.260344677753903
12.262764514759386
12.265007648822689
12.267226809350596
12.269697231005079
12.282987207919241
12.293772781840008
12.303607020715784
12.307132502673149
12.309392526589743
12.311506864995378
12.31373292607644
12.316064403818322
12.31834468767699
12.320515288928839
12.323070226408479
12.325207064058219
12.32758827422
12.329860010846222
12.33179322770955
12.333897442612967
12.339807691095421
12.342312839601249
12.344814224497135
12.346893847486704
12.349625787719905
12.352138708748074
12.354185065239049
12.357248217573495
12.36172927704675
12.364230928020232
12.366398614638952
12.36846819031221
12.395997366688611
12.406097432648957
12.41691588710482
12.428990477549121
12.433406595782328
12.4379386825009
12.443243449187872
12.447140532614675
12.461129959605048
12.464890604833586
12.468719542856189
12.473097211948934
12.478108051477966
12.482081668247673
12.486164851628256
12.490417050326936
12.495774333286239
12.499654793505476
12.503779945591555
12.507618449694467
12.51284653979891
12.516562706075817
12.520565935372357
12.525340087147123
12.529634479821663
12.533404687746938
12.537533800903384
12.542320403884766
12.546507242352725
12.550505378965845
12.554209366019622
12.55794159519229
12.561958775737155
12.565907789977027
12.569747710240106
12.57291734491007
12.577491487563975
12.581175232466242
12.58490173993379
12.588517541864272
12.592297825419438
12.59623064502555
12.600052508136356
12.603839693396976
12.607578326936723
12.612039801570473
12.615631454344182
12.619368822107468
12.622894014134344
12.62659284203736
12.630713880602535
12.63453995249996
12.638119741742232
12.64336362036728
12.648364463960554
12.653429314395757
12.65851601156666
12.663816697359808
12.668871029450601
12.673307217183885
12.675538146692617
12.677634417201082
12.680082607858044
12.68226898710914
12.684239061136228
12.689190230411786
12.691641766397352
12.694018457165146
12.696551308125084
12.69887905475312
12.701416514582903
12.706472018765172
12.70867457648767
12.711053438361622
12.713440846474866
12.715816233190488
12.718060969190715
12.720984736968525
12.723714821665627
12.726266688924992
12.729649462943591
12.732248068165886
12.737992918406292
12.740353001423193
12.74280449213122
12.744967624458765
12.747188970751555
12.749493674523464
12.751828303348073
12.753963061645162
12.756264710898055
12.758500214091754
12.760818662661396
12.762868518316075
12.765322753752057
12.767758172328794
12.770125425474781
12.772300712555339
12.774516533155317
12.776842310593784
12.779021570384003
12.781274179554229
12.783496447031665
12.785943455379693
12.788271502240855
12.790533563097112
12.792776172084496
12.795023010056212
12.79728330824881
12.799503699761786
12.801825327071418
12.80410095794105
12.806440756036414
12.808783430925171
12.811097787290594
12.813354254178815
12.815686641009254
12.8180380444945
12.820333361434324
12.822586548037874
12.824849944077055
12.82721060290937
12.82958606322285
12.831856837478004
12.83411856157744
12.836340639225396
12.838738789095537
12.841024736181874
12.843289861668268
12.845646311113915
12.847928785914904
12.850531723096857
12.852752339557737
12.854778558081495
12.857125501949529
12.859850392547118
12.862991012162757
12.865255597751215
12.867754773485078
12.87018430511339
12.872432079694551
12.874630743824074
12.876936492827975
12.879282767535937
12.881595814379306
12.883942738135756
12.886244379694338
12.888557526185076
12.890929515746379
12.893132183147415
12.895386898647104
12.897640170867554
12.899919044542834
12.902203861879006
12.90448542647174
12.90679895384384
12.909024412393208
12.911366314550644
12.91362033368824
12.915875688280826
12.918110132078318
12.920383735938518
12.922678874909161
12.925031647173352
12.927295243767926
12.929479712582783
12.931883749605879
12.93424057556782
12.936536530698426
12.938811830321582
12.941238119168542
12.943645618036767
12.946041873250447
12.94825982760022
12.950429502933178
12.952683696913072
12.954758373947008
12.956957255358674
12.959193053052296
12.961491495016432
12.963878030125937
12.966283624545236
12.968577618817935
12.97090673697089
12.973280803976916
12.975573409501063
12.977936409504762
12.980497942317239
12.985316323345206
12.987738283719242
12.989959995325453
12.992713946359574
12.994652061043402
12.997207481047031
12.999683416327052
13.002005132197935
13.004452304297043
13.00719239238721
13.010003774016242
13.016876115786662
13.022170219981549
13.024724720747386
13.027241085734158
13.029416972067422
13.031584134028456
13.034127451354191
13.036384396480507
13.038743686620462
13.043284035284724
13.045711478329803
13.0478801567016
13.050171517757242
13.052330460489808
13.054833880684455
13.05908074929258
13.061310421307757
13.063566311813972
13.066145615169765
13.068558172334967
13.071268466255576
13.07391832173234
13.076182269252786
13.078528695951977
13.080948808602136
13.08346103160724
13.085824932704654
13.087869540842354
13.09087909754259
13.09345360704406
13.095890519105245
13.098147630346812
13.108266358241004
13.12058561499244
13.132606754264115
13.142818146770814
13.152847918699607
13.160305541689498
13.167905597893165
13.175370605842655
13.182724012565437
13.189507223261476
13.195820388169905
13.20158925093016
13.207911688135088
13.213610529290033
13.219353954342663
13.22441897060597
13.230882255298647
13.233272254638562
13.235684276616485
13.238070238136887
13.240642740299872
13.243163087791123
13.246227646721383
13.248696081011493
13.251026196669876
13.253182684587665
13.255924575940725
13.25848860023473
13.261020167363679
13.263514277679912
13.266015353190284
13.268401667868957
13.274209208903017
13.276800306760448
13.279530927517113
13.28221214807663
13.284953131977751
13.288060873008817
13.290489414518133
13.293040051435733
13.295281413626885
13.319620994589542
13.324770429601815
13.328362608996034
13.332045063542713
13.341090429099447
13.345598451480354
13.350089414286979
13.355349800711513
13.360028348220006
13.365021038088397
13.370169565183343
13.375177204991873
13.379669564001281
13.38416685273399
13.388055076431119
13.39248701284684
13.397105236587723
13.401145862041666
13.40689469956285
13.411497934630326
13.416019004834578
13.420640204625563
13.42556466687045
13.431510505126326
13.43622510974209
13.440777336733756
13.445810416557615
13.450245211373613
13.454730143178647
13.459207237000516
13.464008741808547
13.472914104125433
13.477521455677252
13.482441587105894
13.486983290739039
13.491617848441006
13.495725812901485
13.50016031146819
13.5160441922876
13.527194601936781
13.537749872863543
13.550542197593854
13.5657413282405
13.580799243537967
13.591375354224864
13.601650836935178
13.612487719159644
13.666434503351958
13.67969387755102
13.690768926218617
13.698148289568328
13.700995214078192
13.70416744099407
13.707807326863259
13.710647665640666
13.71391733462906
13.72128788351903
13.724251700680272
13.727439547639964
13.730046240992541
13.736999178837829
13.739637613509757
13.744667588904406
13.747917136846985
13.763367594727283
13.7737375213712
13.783860963776151
13.798203373015873
13.814027676970099
13.824831916118455
13.83732714628636
13.850169754505492
13.86026083392677
13.869058936609745
13.878262066648974
13.8874867280465
13.89701220170608
13.90622985229653
13.914167383071039
13.922322441189877
13.9311336771147
13.938791876098337
13.953165330390842
13.966604008841818
13.981075557549774
13.993131594310862
14.006600768273898
14.020170392417432
14.043464686335641
14.054102280478586
14.06313732823795
14.075602461774148
14.088539065525795
14.10192159158904
14.114490929540858
14.12703795237303
14.140020896352908
14.153253916586308
14.158927356256603
14.162739385803842
14.166667629905415
14.175465578231293
14.179757405909259
14.183625149753833
14.197135181984976
14.209158574822542
14.222711803437411
14.23648428417106
14.258846488750534
14.268412097391318
14.275610108907248
14.284237766256313
14.292600577938034
14.301598483148604
14.309646170867703
14.326585890419985
14.33600631946577
14.34749204670831
14.360393697426863
14.371683978458563
14.381188899920438
14.390528402910547
14.398721332974649
14.410788501817615
14.421109227137016
14.428441544763938
14.43173049685902
14.435666038380209
14.4386995600356
14.441788027030489
14.444726451985181
14.447900630858033
14.450915334311773
14.454442914092558
14.45797052154195
14.460732050224024
14.46348742686014
14.46621213065717
14.469107780167299
14.472214584001769
14.475314905165353
14.478642775316224
14.481830452493346
14.484918790237778
14.490641769298685
14.499684079768699
14.510396777180908
14.520841318421814
14.534265588656273
14.546549462192672
14.557780788919
14.570014452870037
14.58432226830719
14.599795539457437
14.61447153671175
14.624877159446934
14.626809199272678
14.628393960929426
14.630165256244274
14.631900025125226
14.633763181492924
14.6356476901009
14.63779884841213
14.639566288205478
14.64145896365765
14.64338894054463
14.645488612632791
14.64755986144076
14.649438217885647
14.651210147264582
14.653091257921746
14.654950805158787
14.660809179009819
14.662782596454223
14.664711111745097
14.671125317937262
14.673335768603293
14.674928652451676
14.676739261412392
14.678508501359488
14.680437106382257
14.68230334533151
14.684606058621968
14.691548049823998
14.695589965646805
14.697463924963925
14.699581037912479
14.701514080886444
14.703900237340594
14.705869709952456
14.707688734686629
14.709345324676708
14.711617000641034
14.713263494309908
14.714932464499817
14.716918874497948
14.718594543578764
14.720188994119853
14.721995781424528
14.723651049654153
14.724998037660646
14.726714214408629
14.728405413992084
14.730243009382512
14.732138658982386
14.733908999784036
14.735852197422076
14.737482576662611
14.738922372655423
14.740756845227262
14.742562178212175
14.744224205838197
14.74601117914957
14.747794190995089
14.752253624011322
14.753743744874116
14.755800636076856
14.757670597704115
14.759448302653944
14.76106620571797
14.762737752009542
14.767316964238255
14.768735091731806
14.770800005342982
14.791408575256934
14.80196369367337
14.812442435587212
14.835259830097424
14.846539252838102
14.932896865286482
14.944128395668843
14.984219255710324
14.986524250437133
14.988827485149637
14.991210433255599
14.996980523368048
14.999080528449365
15.036631613895823
15.045740165973008
15.04947022050818
15.053857323996144
15.058840456719913
15.064641867328943
15.06995716667757
15.075301171956859
15.081089882350721
15.086828850552807
15.092619572779286
15.097307129785314
15.145777675241325
15.14991866971842
15.153330898354866
15.157662820144523
15.161774447555862
15.16573043728972
15.181255442925588
15.1918534630398
15.202432782636864
15.212005024792425
15.219684631444883
15.226714367988139
15.24150620357639
15.24393769875772
15.246336619543673
15.248813694896675
15.251085931378755
15.25330302026532
15.25568708238667
15.258061700323799
15.260357945074674
15.263047715540116
15.265282702689055
15.267519104378206
15.272082355527525
15.274398927734845
15.276842038562595
15.279210915636556
15.281740433334242
15.28771142698414
15.292104159075237
15.296979039442725
15.30207436716183
15.306955802167916
15.312526645837798
15.317370267343888
15.32224238244455
15.326895515832796
15.329189527770229
15.33139054839759
15.333748147067169
15.336101322679765
15.338448171406258
15.34084040161744
15.343132169813169
15.345357945114301
15.347433721238794
15.349488241875559
15.351660525185416
15.353942274660024
15.35647477498962
15.358842277684065
15.361332588209939
15.367043062082683
15.369391764869025
15.371597641615327
15.373988692151489
15.376260028494954
15.378745042251754
15.38132166738753
15.38342794879238
15.385839380111191
15.387986924761668
15.389945788520915
15.39246515927749
15.39485463770668
15.397192902401585
15.399625494814153
15.402060246294797
15.404385121494796
15.406710181913905
15.409497468331137
15.414040932919873
15.416355879983696
15.418756908567518
15.421165034422202
15.423631888949071
15.425818338983452
15.428399208335524
15.430884849794598
15.433120974826814
15.438584649351574
15.441418983703858
15.45967619047619
15.461275200471494
15.47108965321869
15.476336652117697
15.481882678584084
15.486307517025608
15.490925246473287
15.495182584520261
15.499966308245119
15.504497195547861
15.508704671307463
15.512981650168548
15.517519095887208
15.52235858624758
15.526857489914956
15.531369628108797
15.535871121900636
15.540636207790662
15.545010013310764
15.549712033376672
15.5542732523968
15.558845243954009
15.563487177279455
15.567974135929768
15.572536025162755
15.576951807863198
15.581543344985159
15.585986702595836
15.59067788454815
15.594814202535037
15.599591760285561
15.604110123371548
15.608688132036193
15.613884490166345
15.618238048237952
15.62241863490565
15.626638513985558
15.63090448826177
15.634965204108797
15.639619641882375
15.643597658287444
15.648347705880028
15.652658889331018
15.65652666368532
15.661139183351017
15.665707797155923
15.670182180951493
15.67392619703856
15.678380612335294
15.695369473230624
15.707295869796306
15.71892474685852
15.744212004831162
15.748831862876497
15.75345809788163
15.758393320275593
15.762177512496429
15.76658885988247
15.771019822527096
15.775832317671016
15.780289863849761
15.79053712394215
15.795147970059919
15.79969975255321
15.80415792047593
15.808856049673906
15.813478846144402
15.817953069568041
15.822468201437912
15.82712875480365
15.831822638838306
15.836341225127933
15.841287903859405
15.847022949621614
15.851756115618036
15.861150821639491
15.865672392705209
15.869772820277321
15.874767184944243
15.888235759626669
15.893061584497818
15.897852411709845
15.902333747601604
15.906684673289282
15.911253068898342
15.914988572814371
15.92015966157072
15.92396095880016
15.928266352970333
15.932217616229492
15.936585816291796
15.940831540783357
15.944933830505665
15.949109386943183
15.953268622981017
15.956656502626176
15.960954549140343
15.965137192605855
15.969205494968241
15.973338035464188
15.977708494550743
15.982021224958183
15.985817115606055
15.989663185967851
15.993861604316402
15.997892534402501
16.00196895152795
16.006174337717216
16.010142884659057
16.01425185028036
16.018015512815538
16.022686210551402
16.026690833460844
16.03103569301089
16.035500296315735
16.040123538057863
16.04450051232228
16.048962760779432
16.053709531265515
16.058402593203652
16.062408501953204
16.06734305629437
16.08054607785056
16.091334026884617
16.106119870152682
16.116199784310552
16.127480233143377
16.13903226817377
16.150092185712353
16.159248059982165
16.168273597973705
16.179293343590192
16.18748964804928
16.1923606302266
16.194438613722017
16.196488832680256
16.198936711841743
16.20145998267477
16.20397831056099
16.206061644234506
16.208177548555113
16.210396856566412
16.21281122308209
16.21528646521705
16.21744410826513
16.219929731158647
16.22260990399188
16.2251027222187
16.227155770954035
16.230028881668588
16.23218535536264
16.234733243357095
16.24371912560004
16.245729190936938
16.248114378142645
16.250550201829927
16.25301617807063
16.25725420235311
16.259555383873327
16.261517235595225
16.263870580263745
16.26597631652856
16.26819915758347
16.27020626625081
16.272902130842944
16.278618402985998
16.280828793546746
16.282760263291916
16.284673704018957
16.287071514201543
16.289501581007652
16.29602374697108
16.29842377393275
16.301164669716087
16.303695939961464
16.30955267636278
16.312354957936034
16.31999654250675
16.32442144805472
16.329029214558904
16.333416355489273
16.337777143805955
16.342115483026383
16.34698094445021
16.351808549409675
16.356101592900536
16.363883187233313
16.368298100292254
16.372617922723716
16.37698775414849
16.38157135659355
16.385942961205163
16.390021977631363
16.393978976966945
16.398444801873364
16.415497318744233
16.42003193016967
16.424572279959857
16.429427163902737
16.43388306418056
16.442428690774555
16.44742496296124
16.45283365157497
16.4574394177764
16.462014631534153
16.46576728674389
16.47105558451164
16.479978022165838
16.48814318784404
16.496921022035085
16.505905532005443
16.514748381202505
16.532308484451953
16.540966288737717
16.55041723055811
16.56094027078818
16.57134713062627
16.584075532059565
16.597238097653577
16.606403379931322
16.609823403502123
16.613246578477263
16.617031085852066
16.62094902469503
16.624261536457897
16.62708172577984
16.635482467211038
16.644489477582148
16.653462560571736
16.66214515407439
16.671464070099706
16.680366782251163
16.689507174004074
16.70581248008048
16.714447914739868
16.73037652439115
16.812559556069008
16.823440592854677
16.8336692275402
16.85284646195357
16.861805375603446
16.87109153574865
16.88185047360268
16.900341239633786
16.90935261235044
16.917190740646966
16.92483748479162
16.932560551854994
16.942114396428064
16.949537362444477
16.96222143202008
16.969088904382758
16.97639320301043
16.983198447431878
16.99116596337677
16.999714898097004
17.00714169886259
17.01449183533562
17.02188790449025
17.02903251693444
17.037124665300638
17.04118767799887
17.04352674973829
17.045853731007064
17.0485812157647
17.051008426216388
17.05389059816425
17.05680369522787
17.060223581290153
17.06330137304266
17.065670784170727
17.069135224700222
17.071687485494856
17.0741845673052
17.081102880815067
17.083364347364824
17.085707378405218
17.087916114468726
17.108482159637838
17.119979220434917
17.13259070906033
17.14492437252307
17.156885353042718
17.171485833390598
17.1838356588058
17.199220688502773
17.211004209926156
17.219496078020207
17.22847205102837
17.25960586913687
17.273451076027897
17.29796050293464
17.301197286419658
17.303033879916065
17.304919171199288
17.309269646473123
17.31120471950584
17.313579915221617
17.31560030747646
17.31764631416192
17.319415099373085
17.321704963723196
17.3234641904857
17.325611020973952
17.32720936804753
17.328895586249363
17.33042429968365
17.338919699102853
17.342687529138768
17.346091846768207
17.349614706053107
17.352844424573295
17.36972032951549
17.384684388480387
17.3965183814619
17.406223801112212
17.418166511388044
17.429899154099143
17.442478025451972
17.455673882008934
17.48047611743424
17.490154742972962
17.499070465917292
17.50827112920987
17.519343596913274
17.670797153625827
17.67385328975537
17.677300262847005
17.680828555404734
17.68444008571927
17.688361192785525
17.691298563869996
17.69444735335639
17.69844090819173
17.70110294276774
17.70385267171346
17.707413088905184
17.71122069462073
17.71454667473368
17.732452015828592
17.743041164270167
17.754425035196967
17.76691714535956
17.7763043506624
17.787596623617386
17.797538189060834
17.812016483206072
17.822350119069206
17.83514252390344
17.841404075765265
17.84703323369822
17.849803247984955
17.854627386256745
17.85725176577498
17.859574909459
17.86239110040814
17.864967963188825
17.867387672340715
17.871966374269007
17.874470126120226
17.876782151427307
17.881601556313868
17.88414900870559
17.8887916254633
17.891382808178047
17.893780751929004
17.896506542520278
17.898954749926865
17.900892930305183
17.91747803948104
17.9305645855359
17.94175552001877
17.951230078677934
17.959260795485925
17.967494429593053
17.975665863410075
17.984298943225948
18.003665615490338
18.021794764879616
18.053881627233444
18.060409026393618
18.0670756531624
18.074232990827646
18.083313517894815
18.09092722274406
18.098416502446952
18.106034206564658
18.113850061019573
18.12295523904012
18.13052127713016
18.138107500383235
18.14577421387268
18.15337935795926
18.171665127829606
18.180312475149062
18.188784571928455
18.206527990492212
18.21763279757845
18.22539171958668
18.231514309949343
18.23779038664682
18.245429788343014
18.25197986580522
18.259889920750282
18.27237031106663
18.27690678678802
18.28295188933035
18.28720227259927
18.291390026526546
18.295700838708136
18.303395372090005
18.311923607846133
18.320467031343156
18.32882585786989
18.33768518351044
18.350157750041244
18.36296729741419
18.375390273211977
18.3895558603618
18.401444512983318
18.43817473935318
18.45081039215931
18.461469747149682
18.472195831071573
18.49561485498919
18.500827486531456
18.503123670329764
18.50597126813382
18.508234721373235
18.510939455262086
18.513546365479773
18.51580194871567
18.521226480282994
18.524118142669916
18.526115611906615
18.52809881442141
18.529718167686767
18.5318156777931
18.53377996098274
18.538505841263547
18.540637532652244
18.54287090134226
18.54462961973635
18.546407422009306
18.548131100870666
18.564163551323226
18.572530967610927
18.58412463830612
18.593033252187762
18.59829273477493
18.603140149308526
18.607348607434087
18.611273928441275
18.61531522938773
18.618841683546627
18.622602703419112
18.625903812709844
18.63279457048519
18.636553866876103
18.639625273869523
18.643027298871203
18.658244252104343
18.667248116750628
18.68841536301164
18.699751018706113
18.704502816489004
18.71522359956287
18.71966076157859
18.72408102411888
18.72828022733592
18.732531420220862
18.736782271952176
18.741280206042877
18.7460093008955
18.75058518032848
18.755380894175325
18.759921354073917
18.76398913139937
18.76769989027948
18.77225068018517
18.776954645596984
18.780899071840025
18.78417859499888
18.791624725006592
18.943603402568066
18.955134738232758
18.966460277667416
18.976784733005573
18.986482703003198
18.994047214080755
19.005465835559168
19.015189523644338
19.026665074318295
19.038030965457484
19.0475934672491
19.057731022703738
19.06699026373852
19.08787690212705
19.097097304006116
19.108730207215565
19.119660799209573
19.12799624677738
19.13134528690128
19.134150620771088
19.136643121231348
19.138959356638527
19.14214231199225
19.14521600383534
19.148210821264975
19.151232588676816
19.154992764235015
19.158357326542156
19.161026091816563
19.1648944308829
19.168096334674633
19.171926577472984
19.263031491058136
19.277152616145482
19.288317777036553
19.300125828408927
19.310235938277753
19.325208052056972
19.337443721833182
19.36257532289135
19.371651241340732
19.380869476306895
19.383766691308235
19.390024465079048
19.39248520635407
19.394962171843176
19.397736244602733
19.39990284070049
19.402625524839547
19.404840873119436
19.40703452332386
19.409651804365247
19.412515389492807
19.415059974138085
19.42018206653874
19.425287222946306
19.42772021698742
19.42992268028515
19.43276131328456
19.435071644688144
19.437829822327842
19.440725510418524
19.443159692861258
19.44586762983102
19.44821533837181
19.45068279381286
19.452926502547516
19.455771927300226
19.45815519307425
19.46040623470307
19.46311038221085
19.468462685231195
19.472533340838382
19.476981592954377
19.48164906202199
19.48647449538686
19.49041457107541
19.494836468767723
19.49988053659262
19.504039076817943
19.5086957350933
19.513799125087974
19.517486853652006
19.522180426256114
19.526693059103213
19.5310742613488
19.536313422090924
19.538103773708063
19.540303460845205
19.54220149180697
19.544405034800675
19.54716424387995
19.549370511325094
19.55165844524514
19.553844484302807
19.55657902156185
19.558417268054928
19.560617322238993
19.56281268196277
19.564613912460747
19.56666843513219
19.568722208584916
19.57032447217711
19.572155005803015
19.57460632509467
19.576262533345762
19.583397643743034
19.5870852155218
19.589391025646783
19.591744241619015
19.642740497634765
19.652445181349037
19.70229202626185
19.712634256001714
19.72514713791441
19.772046204759537
19.784266685021073
19.796423890845098
19.81096338470683
19.823819264493014
19.835671578816285
19.848370548083444
19.858249120189797
19.881324231046182
19.89252770047413
19.902153813415907
19.911230141180944
19.921425931433724
19.92962169141984
19.938973040529035
19.946764622728278
19.95608260575377
19.964892587673404
19.973979385541448
19.984042651723467
20.003887089121758
20.013065315980597
20.024153123283565
20.0460392533356
20.06790972755619
20.177311819351193
20.178807387376423
20.180601363805522
20.182212157620526
20.184193524589084
20.185962106033116
20.18770129899552
20.189479198045223
20.19156218655528
20.194773361315924
20.19695568508888
20.19885488656843
20.20040626991376
20.202509644403474
20.203970284030667
20.206100878764087
20.20791917955263
20.20972824034723
20.211225798025453
20.21493457155728
20.216709942511834
20.21853776955484
20.222132416807003
20.223937477769987
20.22615418403916
20.227707338057417
20.229252882001475
20.242454409327813
20.249777793065345
20.256268660161755
20.263836238336296
20.271379349019227
20.28067650489376
20.295283123812585
20.302519059526137
20.310348364578655
20.31787602044945
20.343797956121747
20.351775893703746
20.37196685493728
20.430485341541115
20.438975579335867
20.450609959905712
20.470679619223777
20.479743431000156
20.487707380402213
20.496418995026406
20.50437117170941
20.513756854529294
20.523438134505678
20.53276851135813
20.54309623779626
20.55210117963305
20.561902358971277
20.572570612973053
20.580059268970864
20.588349393975584
20.597373016490838
20.604878810579887
20.613582531686166
20.621522935373942
20.62902075848013
20.638466775624536
20.648743181919162
20.65574516402485
20.664392418397473
20.673089983333824
20.680589739986367
20.688114650769734
20.695596544008357
20.70401304680012
20.712412730890982
20.72079529752242
20.72920829867735
20.738777606588325
20.766594283629
20.776147732941034
20.792547024937743
20.827373246565436
20.83788785380569
20.8474657487959
20.85868143820565
20.869901787852136
20.881121714999786
20.892330067867004
20.903538336164214
20.91311105145123
20.924314598162596
20.935158423420365
20.94679010138112
20.960056003651772
20.973728925339255
20.995465836641884
21.00843927418084
21.023283159868804
21.034127935755134
21.047049939978493
21.060015095121667
21.073727381810496
21.078911146956273
21.083428429952583
21.09329691677522
21.097715342647337
21.102050614066545
21.106622018214573
21.11135871302192
21.115993735102347
21.120609240944667
21.125040620771877
21.12964483915616
21.134273610755095
21.138572181888765
21.143282396165688
21.147926895075326
21.152533296845796
21.157004377362195
21.161582196432793
21.165934036585167
21.170328874511725
21.175210949872383
21.179531777677177
21.183986326698076
21.188325373864444
21.192789894843997
21.19722380966234
21.20199972555364
21.206594623088833
21.211413262695743
21.222070921532964
21.23864225817581
21.248335989365074
21.25355045776405
21.258193690097272
21.262637816400147
21.26702421060757
21.27112861837297
21.274674986528645
21.278883688402978
21.28322015699001
21.287590389144594
21.291935531880796
21.296543547777098
21.301029686319485
21.305766506565483
21.31014431914018
21.314741562302896
21.31909773287883
21.323844038787964
21.32778523884962
21.33212644813909
21.335670789141563
21.33932720733137
21.34400474775089
21.34962080604057
21.355211515742074
21.359860604362922
21.364236295037266
21.368476078884513
21.37293726314336
21.37728407853886
21.38750839591886
21.39201365743894
21.39686259740714
21.400780127215317
21.405388545642822
21.420570052367538
21.424935019303653
21.429456257225976
21.433916154905702
21.43750902086006
21.44206098232721
21.44757181516564
21.45210805843366
21.456782198095713
21.461510848019095
21.465330067721
21.469230015537864
21.473665036032006
21.47911767395982
21.48358784882918
21.487509680408174
21.49171920365763
21.49595515455051
21.500872900224177
21.50539058193314
21.509633140242283
21.514046335995275
21.517860389090043
21.52281071482819
21.526922578611327
21.53072347127628
21.534949523038016
21.540048094464137
21.55690906562314
21.567082788155567
21.57184489101891
21.575744713654657
21.579391790413585
21.58372785802394
21.58749356408608
21.591035266257045
21.59490481764903
21.598949874888817
21.603007137290778
21.607196526333297
21.615475021372582
21.61939765810692
21.62333409233956
21.637413920084573
21.6461310799929
21.65639779033333
21.66496573834208
21.673244196161676
21.681123439950102
21.690931759363934
21.698911973914043
21.707117186135484
21.71493815369038
21.722497799790233
21.744652359542126
21.75475009303395
21.76723360895079
21.777183109279942
21.7873172544586
21.795380785060242
21.80357214838324
21.81687953487478
21.827806586615303
21.83858913536429
21.851278861712338
21.86211465739753
21.874783227681096
21.885300454807737
21.896789147658314
21.90649651555192
21.918480318661704
21.939254994511785
21.947322223174016
21.955397056017937
21.95779146886464
21.96021216272665
21.962479958077193
21.964687356324625
21.966858422267993
21.969006010247337
21.971363889515846
21.974001431951137
21.976468264924936
21.98679325585569
21.994369518626936
22.002211252732142
22.010008974554587
22.01870245726383
22.021303207594602
22.023609960432275
22.026011308102238
22.028355355544768
22.03048995285
22.032839913615486
22.034981347377663
22.037311045608472
22.03953173462338
22.041498535950737
22.043892370023197
22.045813069293736
22.04771179477696
22.060145421245384
22.06924125402702
22.076767692452858
22.084378762380283
22.096621499249053
22.105432852994113
22.11502648262167
22.129321438822856
22.13906218711157
22.143473675952304
22.147909656754873
22.152302802789773
22.157630474522325
22.163062539198894
22.16846224405832
22.173009628078642
22.17751465286373
22.181837142584918
22.187313791980174
22.191755257988877
22.196209148179165
22.20052728762342
22.20591117602714
22.210338852960717
22.221088035908345
22.226599201949504
22.231031213410002
22.23554896128252
22.2398510936497
22.243833026599837
22.248013211122263
22.25158675843308
22.255998128289416
22.260469365460754
22.26497719721306
22.2706349736054
22.276271669763638
22.280726274418644
22.285152807021888
22.28969500470754
22.294106287280158
22.298647142468727
22.3031108709929
22.307613481531416
22.312205332726577
22.316581137884167
22.321059963204917
22.32555162411235
22.33016037214823
22.334482030357467
22.34004147308328
22.344509768567633
22.349897686872634
22.354637430161375
22.35907655479338
22.36352976006981
22.367695151262048
22.372042776159375
22.377062302129396
22.381625682927407
22.38661869244089
22.39121413376117
22.395458609409978
22.40110764962823
22.405858882870024
22.41558185092456
22.419882586893735
22.424022798607307
22.428880246467134
22.433445311505206
22.439140038446048
22.44895014629021
22.461018687569734
22.475370284269843
22.487566285376918
22.498481128564364
22.5093584583703
22.522080684125502
22.536841038253133
22.55014768865787
22.56217535180632
22.571947212504956
22.583001755940433
22.59167883340264
22.595180725908854
22.599087718912358
22.60370079630059
22.607601738745185
22.61496183837665
22.621908146962095
22.625763539154736
22.629452172257317
22.632988231789067
22.637642653630017
22.640545498217396
22.644261089141338
22.648473577954178
22.6529093684413
22.656846835752674
22.66067128726197
22.664372872176852
22.671714089278204
22.67658092822008
22.67919107474625
22.68168800990456
22.684211073573117
22.686388296596014
22.688921002548536
22.691325711080133
22.693730637214653
22.696178704974564
22.69874764438019
22.70122536822779
22.703647629805793
22.7089198657018
22.711608186358802
22.71406925778429
22.716406156217264
22.718946559443026
22.721649161590832
22.723745185908005
22.733917874297664
22.73636979553955
22.739029201723632
22.741443013482886
22.746814767563468
22.749352648979404
22.75190790745833
22.754046864292906
22.756480453075067
22.758890213081177
22.761188473162633
22.7640632213132
22.766488366539022
22.768970087820335
22.77132204692908
22.773543869718377
22.776419316940967
22.778830309949953
22.781336456023254
22.783913746292402
22.786406800765462
22.788802157600774
22.791006839507496
22.793676377618016
22.796404907262055
22.798953320771986
22.802125854149327
22.80479419986923
22.80737326737391
22.80984338772458
22.812136810030704
22.814538770330863
22.81721759881962
22.819712181542965
22.824229416680698
22.827112724998152
22.830073785816005
22.832715073505405
22.835622501121616
22.83912891456481
22.841833993438005
22.84446209658698
22.84714502348996
22.849863757301495
22.85292946664365
22.855437523617848
22.85826108312855
22.86138304550893
22.86511333088632
22.86873150656224
22.8717178506501
22.87608711376521
22.88004957541777
22.883946025778734
22.887845393819802
22.891616654437986
22.895148797418525
22.898809438759383
22.910967213514372
22.922663916630484
22.93450681492475
22.954165180589452
22.95930251057334
22.965876313716162
22.972513284436893
22.97908107063887
22.98490313584156
22.9919259168611
22.99881757037533
23.005365966230706
23.02150806700732
23.029970019327642
23.038815471834734
23.04682188627975
23.053180506779757
23.0606330464283
23.06881295555372
23.075372632926264
23.081806736008105
23.08808131918002
23.09624844625847
23.10458908841312
23.118220785577787
23.123866592025603
23.12869268399105
23.133207855170685
23.136804417520054
23.14178222027041
23.146778380844374
23.151428275174144
23.155773442133523
23.160804256473455
23.165366228308713
23.17006774794083
23.174326418512234
23.17870139954463
23.183404465580985
23.187809257198662
23.192050455649238
23.196704039995346
23.201300877893058
23.205619643318496
23.210276368078166
23.21500918050155
23.219497226912495
23.22412179968102
23.228854933489387
23.23346768949972
23.23811630108333
23.242887487637926
23.247070509951747
23.25169038583527
23.256362671510008
23.260715197080174
23.264421090659244
23.26907649926271
23.273194656447146
23.27762748014895
23.302467220216844
23.312335657035092
23.321169439131424
23.337155737925478
23.35023748118106
23.36158244672978
23.375701739827395
23.381886353041896
23.385907900666766
23.38983167285928
23.39851433796301
23.401858159525254
23.40528393192025
23.408902078427577
23.412718148000735
23.41625094447497
23.420191856631828
23.42359292020112
23.42747611545046
23.43128884730475
23.436063848509143
23.43949582296695
23.448165962483305
23.452262700966806
23.455987180153908
23.460102152022948
23.463807183964295
23.46801564605413
23.47226653604466
23.475961222303482
23.479815292591
23.484614314922233
23.488710563373377
23.49258093134177
23.496501566061568
23.50015070585822
23.503847299969276
23.50790966673682
23.51199271026911
23.51571131623432
23.519627900269395
23.52360816112552
23.527548209266634
23.53127268030246
23.535032131958715
23.53911970069174
23.54266226500662
23.54668025764624
23.550290330324216
23.554281115969292
23.5583124844782
23.562338804506958
23.56915886250271
23.573689014654846
23.579230855774775
23.589524605662707
23.593900026496108
23.598804090105475
23.60304501027962
23.607935880238703
23.61293379336215
23.618046353389854
23.626213854273136
23.63052152491978
23.63434692717209
23.638451137777796
23.642385585835825
23.646011452014154
23.654304698383633
23.65779691590948
23.662619306072774
23.66674449607342
23.671403734510772
23.675947765096616
23.684796469435064
23.689682037493316
23.69435681720419
23.699319353451337
23.70344712112479
23.707736042192263
23.712464489930603
23.717522642745966
23.72214507562371
23.72693544501131
23.72975740380325
23.732085569008316
23.73483476193054
23.73719504745082
23.739558328026373
23.741853542490258
23.744170487548086
23.74728040905744
23.750377516661704
23.752997206029363
23.75547269434961
23.76013125633718
23.765232527043622
23.767269721755586
23.76970820184804
23.77231598011246
23.774663954024767
23.77719774028441
23.779693642961956
23.78215643274854
23.784400112158146
23.789201646049236
23.79166941807195
23.794110432770815
23.796464369560976
23.799054725812944
23.801363570217262
23.80366639553219
23.80588150705881
23.807867958661998
23.810492888795217
23.8125885790106
23.816918929087073
23.81923087718108
23.821549481223308
23.823706051689207
23.826082580339307
23.828175307604468
23.830974563179883
23.83386396800428
23.84394158460761
23.857573133358283
23.865116399898255
23.872607073618997
23.879890899673278
23.88741235127236
23.8960476736333
23.904779027870525
23.913536184877938
23.920926438504186
23.929555987778574
23.93821139182597
23.94818359430554
23.95683798913987
23.96549504874902
23.972895826530113
23.982658776555926
23.988748202331315
23.996091014740248
24.003409982304287
24.010687962709525
24.01930362540116
24.030292267673648
24.041199041542907
24.052145225935835
24.065390782216706
24.078722349268165
24.088247830277325
24.09328548502663
24.098032561392454
24.102642267192287
24.106988266296383
24.110841838412203
24.11538129826566
24.1202961391712
24.12544256227353
24.129918983083517
24.13444073786013
24.138894249229608
24.14335433796306
24.14794371109146
24.152885029024564
24.1581159353815
24.16314270706355
24.167594224236794
24.172094992356147
24.176534026301365
24.18108471369832
24.185446130875857
24.190024703571005
24.194901132673458
24.198847926786804
24.203400694003076
24.207875318087627
24.212516109250068
24.217031508624338
24.221672451908695
24.225909919185565
24.230392046483324
24.23494619586074
24.23944870588654
24.244135917525373
24.248724663714142
24.253548079472164
24.257601935121382
24.26252411373688
24.26712318629374
24.271712533631053
24.27622628959851
24.280758713153748
24.28546740180297
24.290001277341574
24.294606036902994
24.299282226619702
24.3040005315726
24.30867597524159
24.313477013994817
24.317959047072645
24.322288341939043
24.32690274009085
24.331485215452744
24.336130202623092
24.340441184410707
24.345181881348243
24.35000506131807
24.35462148629748
24.359366482689424
24.363825840945722
24.368232452464014
24.376556080461047
24.381250181420864
24.38599596229181
24.39492939408242
24.399078506016256
24.40336123098761
24.40828348750504
24.41889141512039
24.4236087332915
24.427988474307696
24.432708559767
24.43732621594809
24.442689084065563
24.447265875092615
24.451870410484236
24.45609939669635
24.460347043415673
24.464546676203593
24.46929008208124
24.473038706719166
24.477479868352766
24.482258563317245
24.49229142770005
24.496922068073772
24.501510276356836
24.50710179650759
24.51131248324408
24.51524444952457
24.519872337394766
24.523792251877307
24.52811679259478
24.532435105750196
24.53742013016122
24.543871604073807
24.546672048105645
24.552230843622805
24.555298821510615
24.564353075096975
24.567159613448826
24.569673465608712
24.572172195135984
24.57467812373715
24.579710203022657
24.58252642170747
24.58531206169837
24.590007493492053
24.598912576274973
24.60634561566102
24.612766661043032
24.619050806482406
24.62466082096058
24.632351477013643
24.639735393426534
24.646724728681082
24.654415979685684
24.6621354383603
24.67819488245227
24.69106797681311
24.70465202509756
24.718239282924735
24.73252245274879
24.746828144026267
24.761138025139893
24.775018780718185
24.78046362022472
24.782976937780212
24.785512527811402
24.791254292028132
24.793366686363647
24.795474707828667
24.79788622989493
24.8005560901264
24.803365058074395
24.80586695346121
24.80806197655836
24.810579969162035
24.813494225273573
24.816019452099223
24.818131217422895
24.822338312320873
24.824424849241527
24.826372303005815
24.828874942023035
24.83068638315194
24.83278749871155
24.834887661778335
24.83742498962493
24.839383692098284
24.841829226128144
24.843961724810683
24.846060727819438
24.848589564730727
24.850983262192937
24.85266741366537
24.85476404285095
24.856565157803672
24.858295300468733
24.86041015770225
24.86461000525549
24.86700453873954
24.869131765741653
24.871216679439105
24.87332613421515
24.875142303657753
24.877658209391097
24.879340287994108
24.88130408606116
24.890445524093735
24.89497960306235
24.89908676562955
24.90902367564354
24.912258848308532
24.915479589600473
24.922212017334118
24.960977796577794
24.96991566786353
24.98053117871222
24.989208343170873
24.996593421185885
25.006679818570827
25.013975044849026
25.022678089006607
25.031387545739538
25.04187236299307
25.05057590596683
25.06175850841998
25.07157096371783
25.08272911237487
25.092904939400633
25.103408706218246
25.115343178193044
25.124295836352513
25.135458177305708
25.14582052574116
25.15785339829032
25.16782639433301
25.191227204436217
25.201474918162916
25.21110120877551
25.2230367949529
25.232991874294456
25.243535220472094
25.265011788880347
25.28749390129985
25.297741622884548
25.329460851683777
25.336034911861454
25.341092976813666
25.347082919310047
25.354422944165144
25.363671298315978
25.37458782889616
25.38578775148743
25.408145969272066
25.418965616809
25.42980054085438
25.46249745206024
25.587266900741586
25.597920634920637
25.602654167431496
25.60926954819117
25.61625438287368
25.622779155046914
25.629840920839992
25.63772231688327
25.644605821173908
25.651506199425878
25.658544295282372
25.666020623581854
25.672965220623123
25.679825135391845
25.687198446633474
25.694467120181407
25.701309309845016
25.708494027967497
25.715852395648586
25.72325403172412
25.7304896862195
25.737475158692874
25.74501166099118
25.75271622811057
25.760470535787803
25.767598633355956
25.775425112158445
25.78331277978191
25.792231974035
25.873592847402254
25.879074756816863
25.883409482476054
25.889292426602466
25.895160512544486
25.901118359194644
25.906247475381274
25.912159106653064
25.917654369746586
25.922820467317365
25.92951962044193
25.935027530983938
25.947640102763014
25.955108072912868
25.971379288676175
26.037384212737162
26.045880599494396
26.063283684274808
26.07150316266858
26.080706196290137
26.09822127149931
26.107641605761376
26.1289801628122
26.138455516509893
26.14511516023454
26.154248103772662
26.161540585945644
26.177366522366523
26.18712015479342
26.194823480727642
26.201670803370426
26.216892843867864
26.225373240387803
26.23308092127967
26.242023918897896
26.245361739485272
26.247782867058312
26.250617032143968
26.253810969846167
26.256712425097074
26.259599095221215
26.262940117866865
26.26576215516885
26.268731893709827
26.27159172129809
26.274258301883663
26.277745581682336
26.289174699062734
26.310059464193582
26.320329406521523
26.450229766715093
26.453205473985584
26.45640394436577
26.459418369323227
26.464913114744615
26.467694841095515
26.47129203718909
26.474633138969875
26.47821106074611
26.481041300180042
26.484604439834627
26.488509015458167
26.49162451621297
26.495492848946316
26.498382839435678
26.52120496612174
26.528909150177086
26.536112450319305
26.54329965188438
26.55295983351123
26.561433448202667
26.570630854004722
26.57903712935556
26.5963593845892
26.60412775036451
26.610591987375322
26.617432140919636
26.62485985534428
26.63287525539537
26.641611616309383
26.654455364088108
26.65681478406475
26.65926702489977
26.661695498685432
26.66432482356586
26.666728753166385
26.669005770724958
26.671628663876565
26.674602823344642
26.67812937629264
26.6807694797152
26.683261436421834
26.68602729113778
26.68826071211056
26.69108316432689
26.6966451495013
26.699494241586464
26.702159914040916
26.70455187098208
26.717506663484112
26.726526151893463
26.73199747506198
26.73401769424104
26.736326220081434
26.738396295254876
26.740586708049477
26.745640740348563
26.74771620194995
26.749852645674014
26.752221311188006
26.756794651524014
26.759428915815974
26.762485876722877
26.765058472860495
26.767215834815843
26.76934006638279
26.771476966520265
26.77361375243775
26.776366840209594
26.78028528690978
26.782453238494277
26.784360989006707
26.788618733892424
26.790895017143097
26.793698200832033
26.796026377576187
26.798366281921826
26.80126512404936
26.803505216893754
26.80603728049536
26.808328560545085
26.81060139837667
26.812449450795075
26.81782035812016
26.824257297261607
26.83050380736101
26.83659875878331
26.842982990722557
26.849526493930412
26.85595025015376
26.863239064826338
26.87020728758562
26.875970089330526
26.88282387060392
26.889195474506952
26.895080609703925
26.900103243215597
26.90554852371208
26.911584965097052
26.917083421543108
26.923218438823586
26.933156316692067
26.935497335557077
26.938450160684035
26.94095523049625
26.943471817785873
26.946758824235452
26.94994595209649
26.95300691363841
26.95597829724828
26.95919337737701
26.962225540947436
26.96508969132197
26.96750260977522
26.982675315581787
27.012224860967184
27.0246970051912
27.03651975780636
27.0469722659068
27.05689262419868
27.068414817152156
27.081303471332998
27.093571461813834
27.106106959479323
27.118654703700262
27.130431431606524
27.154938130450056
27.166691753556155
27.17817376850836
27.188483888768396
27.20037196826474
27.208024124319017
27.218857445137324
27.229501184186322
27.239822528050432
27.252706969486017
27.274935585067826
27.29990070728479
27.313129004419064
27.322511987458604
27.332503672397706
27.34397266508118
27.35336640444562
27.364007727520693
27.37381968583103
27.38558776780407
27.397007911449826
27.409774554087246
27.422645144221885
27.43536252871714
27.443176774972677
27.44917171125476
27.451204713465373
27.45287883032194
27.454461670517766
27.45662888878765
27.458591129285264
27.46073440818004
27.462731823300025
27.464560680893367
27.46640922456095
27.46815325613231
27.469799465401664
27.471373835553386
27.475363946666754
27.477581413138115
27.488826927951695
27.492884873989144
27.49708523017874
27.501786412546927
27.50611524827968
27.510446865791895
27.514729711069098
27.521191891532695
27.528245248965018
27.535350349174212
27.54245079981045
27.565814019212617
27.581093270134986
27.594181138005386
27.606713980720503
27.618613555970896
27.62961884666756
27.637270058249722
27.645852312662434
27.65445776138744
27.6631099504986
27.67171183939922
27.680225204043253
27.689078300272925
27.697869492775503
27.70818544765526
27.71823388951414
27.72717481309659
27.72938639374227
27.73111664802871
27.733328373348005
27.73552697784629
27.737312323808563
27.739346166711943
27.740947819108715
27.7429515087647
27.749158516386363
27.75075081909828
27.755429832484673
27.757258673856015
27.758885226723706
27.76063676667364
27.762533146128433
27.764693450172967
27.76683076888986
27.776634472640236
27.77863746806474
27.780624370161025
27.782695847374477
27.785111557654034
27.79245412965883
27.794434844488453
27.796709458666108
27.798528244631186
27.80068869015577
27.802944765119086
27.805228414711753
27.80693923015119
27.812649546882287
27.816681156091
27.818987382080838
27.821425695423926
27.823938188197015
27.82783624372389
27.83008443841968
27.836628547520085
27.83909360131857
27.846893102782822
27.84876308320196
27.85073442466986
27.853023325365836
27.855058831475844
27.85687649778044
27.85894736376089
27.86105802192612
27.865287822750545
27.869299971461473
27.880353295198947
27.882577860256973
27.89023685635702
27.892351295307307
27.894471766777905
27.896254096893294
27.8983985457204
27.900592623667546
27.908012691851695
27.91016901269477
27.912281102030263
27.91418611119805
27.916235800251954
27.920937852111184
27.92340507331285
27.926026024445587
27.928293135435997
27.93038387301243
27.93235820728572
27.934378205285572
27.936581953938024
27.938225906452015
27.945299724176916
27.947215706255182
27.94925702079413
27.951180595395964
27.953382827721164
27.95519210253745
27.9573675374331
27.959649636352825
27.963206399456055
27.96521740596102
27.967183875744393
27.969199250392357
27.971382966859657
27.973080516515665
27.975465180245568
27.977827307416366
27.99088750892031
27.999473971628426
28.007974924331016
28.016816670631442
28.025453137289233
28.034076459429556
28.04281447293995
28.051504923169126
28.06027341901608
28.06888071655168
28.07741885099028
28.084464876370816
28.09315855557889
28.101789853712766
28.111082169386666
28.131031924132134
28.144177298055492
28.15625104599553
28.171167522152732
28.183583732010522
28.18627480730566
28.18850881113482
28.191149016391403
28.197061235886668
28.20200490236894
28.204879659600227
28.206876272318446
28.208994872382675
28.211028330727395
28.213610475697628
28.21597832202864
28.218487726812597
28.22413968412876
28.226875837092102
28.230312156975682
28.232979158445453
28.238810154193178
28.240951521792876
28.243655614396836
28.246297218749504
28.248650420506262
28.25076374700411
28.253473079154148
28.255845139471393
28.257851265292096
28.260856540225213
28.263111477536427
28.265511994478814
28.268169895178644
28.275340792137627
28.27837360110291
28.280927911322117
28.28334262874711
28.285690046206955
28.288047643487605
28.290166859661568
28.293018556832603
28.300299516092526
28.302826374341542
28.305427393462786
28.308363101943613
28.31139324056029
28.317177049603387
28.32085013820345
28.33170124690679
28.338733074182056
28.345607848613035
28.360348085564816
28.371135735063017
28.38113967114081
28.391354435002114
28.40017526598765
28.409667552808042
28.418192517951248
28.426694645772102
28.44477401335761
28.453255521917598
28.462383637434485
28.471293389150535
28.48083974308712
28.491700941960207
28.499510085942404
28.506523540196195
28.515239791862836
28.524540281172513
28.532990015822662
28.541923301745836
28.54941394176532
28.558344086775584
28.56561162740733
28.575381440127916
28.58499152787953
28.594554142884352
28.599544583903977
28.604135050323954
28.608837942118463
28.614088353057905
28.619559099578023
28.62398788169782
28.62856824896766
28.63295006636064
28.63722837493778
28.640779259241725
28.674011724634518
28.676703742177132
28.679916903952133
28.683049095607235
28.68635167652036
28.688970189050018
28.705253368060195
28.714671690030265
28.72273959005427
28.750501505768405
28.759001702051524
28.7681518645413
28.77725100662901
28.786580721227274
28.79447645497928
28.80218001391976
28.809732474044733
28.817133669447053
28.825021907811024
28.834604166076236
28.85224503769311
28.86883040734212
28.878629936411695
28.909705804353393
28.91456105628818
28.91718331775396
28.920153119486336
28.92282561510379
28.92490291209881
28.92706673456325
28.92909447693293
28.93207666841339
28.934683902685183
28.936833421974903
28.939464114454736
28.94205732710342
28.944217740213873
28.946391344296075
28.949128880025878
28.951863887575975
28.954524240161753
28.956803670463128
28.959180545483004
28.961447830364246
28.96366522846877
28.966034346447405
28.968561789936306
28.970979012838615
28.973748936573575
28.976173217042092
28.978546809977367
28.980892254005592
28.983262544634353
28.986302435999185
28.9887381243543
28.990846459978776
28.99323196820871
28.995655334457556
28.997824716611937
29.00048230192146
29.00276309097356
29.004999128901062
29.007845127042668
29.010691507782845
29.01295222984742
29.015194208805607
29.017422257654818
29.019760388195554
29.022606663791134
29.024938431831522
29.02717406428462
29.03173809417509
29.033771251816713
29.036308131205494
29.03902508973656
29.041806815014063
29.044602173307776
29.046821381894826
29.048969534642254
29.051137502093074
29.053780900884178
29.05608811771407
29.058916514231154
29.06119282395924
29.063749508279738
29.06617173549538
29.068054568006556
29.069931901440118
29.075230537738264
29.077501235853333
29.079919163801836
29.082088859933585
29.083882071154232
29.086069075565522
29.08877853454978
29.09092555895478
29.092847615731944
29.09480753832295
29.097310663821684
29.099518821090665
29.10166814335453
29.104016369643407
29.106731247030755
29.1095222943493
29.11194050980146
29.114410605221035
29.11669330460344
29.118994873076844
29.12142611594102
29.123664043427937
29.126543283124374
29.129102045366054
29.131477241989902
29.134014964177126
29.136152629289164
29.141049334267024
29.143317606448676
29.145458336477734
29.150393727385953
29.152867296153094
29.156977361406145
29.15925885200994
29.161588054229842
29.163751441801548
29.166201784023887
29.168519539222416
29.17088941169221
29.172988809600497
29.17543649729927
29.17777619358143
29.180465027813547
29.182803662561685
29.185274134751225
29.187717893563793
29.190795739755707
29.195408183755426
29.197861178339117
29.200671258982002
29.20289027241709
29.20539376800445
29.20820567145074
29.2108329040591
29.213150784344556
29.215555757371426
29.21831510915351
29.222874097004386
29.225078130348734
29.22789906483033
29.230196276127515
29.232646730128558
29.234612098567872
29.236367999829262
29.238758343720118
29.24076151919709
29.24513875573849
29.247818937705716
29.250153691779413
29.252312172867914
29.25443919600046
29.264056399586444
29.268917949892533
29.274078895096004
29.27929279699283
29.283877090290645
29.28849698791531
29.29287145177041
29.297268747343487
29.301850370782702
29.306245942100862
29.31079686110356
29.314483317123344
29.319061911538526
29.323622851774584
29.328073860129507
29.33321511578072
29.33845241943988
29.352682348091104
29.35791430422975
29.362996585810528
29.368339160693708
29.373473947572876
29.378469063777118
29.383648341161052
29.388761480583714
29.39380382501563
29.399060780395246
29.404257002966485
29.40927347488215
29.414228542568924
29.419269692024862
29.424318581823744
29.429495596815137
29.434996246705218
29.44005683738456
29.445049283441808
29.450294671066764
29.455481555310833
29.4604691440356
29.4653742360283
29.470987546238582
29.476175916648696
29.481192461706588
29.486209775153903
29.491082236581025
29.495950084880544
29.50162623646997
29.50671813966027
29.513707356854393
29.527778026959464
29.534718211141175
29.551159088810653
29.56374440374441
29.575788022444627
29.582867091873077
29.587043346431678
29.59125785976691
29.597936162900503
29.601280678411474
29.620470189878592
29.62817728096438
29.637839092844857
29.646181755982855
29.65594543546646
29.666319731262146
29.67660043960662
29.69042197260985
29.700935791185245
29.713261601814164
29.731853008899456
29.739166486512595
29.746572607154622
29.756234239662653
29.76759598191461
29.776277499817134
29.78919809569729
29.800618820546305
29.811074588011035
29.836642406335034
29.84935075904879
29.862359434639686
29.88527330141774
29.891556573349096
29.897142138931983
29.903404682088457
29.909367126180133
29.916147138116873
29.922947764207535
29.92936066678924
29.93590664493416
29.94372356239225
29.949485338993956
29.956848879839605
29.963734268043172
29.969900962237414
29.979926118870022
29.99417792359327
30.005394073111226
30.015179579605825
30.02551311206603
30.05206169850238
30.06341750892463
30.07362546734089
30.08747976203238
30.10039166107377
30.124797303620554
30.138074460764013
30.15051995862736
30.163137460521572
30.185601852909034
30.198169744088112
30.21075433584247
30.22289207265565
30.23199624946476
30.244265227513953
30.255891010394855
30.27508870915127
30.300749852507174
30.3128091553408
30.324397257927245
30.33649128849852
30.348844021630477
30.361038967561065
30.373056298844457
30.385914242519764
30.398243859558338
30.410655881351754
