File type = "ooTextFile"
Object class = "PointProcess"

0
186.785125
1654
0.40842242203534773
0.5451125041764863
0.6218416419169372
0.6818110858720506
0.7418646307557215
0.8274996251941658
0.8876259057971014
0.964796738803404
1.024941936580746
1.0851883282839057
1.1457928847568672
1.2060923561741237
1.283955518953538
1.3587720505203937
1.5667541457829586
1.7601870914769195
1.8297124898582844
1.910686848958333
1.9757132281409904
2.050246084664149
2.217131592914781
2.3008530065236616
3.4048913103121894
3.4869712097429844
3.621718681917211
3.7557568324381423
3.869574241892286
4.122751829076531
4.25720765646582
4.362844896650757
4.468727937710199
4.574817037953795
4.707165197292182
4.891121318138378
4.976967572807638
5.548323464912281
5.644746253571865
5.704417379127837
5.757678944909238
5.81713431872492
5.876100461713814
5.93475782569088
6.006240399045978
6.06443659732983
6.141598333333333
6.199430789730478
6.257151530527371
6.314756166687102
6.372241706190157
6.429659525401858
6.487356985726615
6.538845337159712
7.308134901774398
7.3725377175983375
7.5722817878704465
7.651912167727765
7.705489807322181
7.760203713473753
7.8424154582293815
7.91954954313318
8.03814979200438
8.100877915976865
8.163584403149228
8.226331987756735
8.289082425710856
8.351850151723
8.414653676608767
8.477424306452763
8.540129002484289
8.60277144462815
8.665374777183562
8.72792972759284
8.7904348135458
8.852911642778341
8.946569438327469
9.040102990948741
9.133569653748184
9.22695150862069
9.320225319485337
9.413470012956296
9.506757499320388
9.600039067596759
9.693260902085298
9.78621454776141
9.878415102014484
9.970439378613195
10.062406482074843
10.154444173772202
10.246585368225109
10.338667442328477
10.430797861468333
10.523104798689644
10.615389119858904
10.707494314714648
10.911750983570048
11.377189649254992
11.621525155721763
11.809859680309895
11.87418506085725
11.93848320898795
12.002792057348843
12.067060532129636
12.13139812047005
12.195720373864111
12.260210245885578
12.326404259006276
12.459615049473383
12.526297508342902
12.592795450623164
12.65947894573973
12.72626733255051
12.793009161091803
12.860419815902729
12.92809303391812
12.996408759014145
13.06436382113821
13.132583807965021
13.200488162780916
13.268382476598838
13.336230117689526
13.404073126023468
13.471962086991232
13.539734058428001
13.607410708397659
13.675059339241384
13.742639369488058
13.810050922984793
13.877421300610285
13.944943647722306
14.012240222979795
14.079629224116111
14.146958475368024
14.214106267628743
14.281446681576009
14.348874639777272
14.416214413886262
14.483418071840626
14.55059367315937
14.61778048495815
14.684542977120655
14.751175719562497
18.45732630188921
18.53369807367317
18.610072265624996
18.69738018646569
23.302911500710607
23.363792679591388
23.55864129394933
23.626226956016705
23.694249808696075
23.762369682149185
23.839781585496734
23.987650355763456
24.100704118839424
24.178581834437765
24.265415038926843
24.334964441981835
24.404112010895215
24.473510222977293
24.53426652835924
24.61195105514088
24.68114553623709
24.750659400910827
24.93316470712088
25.003033233287617
25.218842380731726
25.382693868964004
25.46064318440439
25.754416666666664
26.01247129239793
26.2186664145377
26.28785182539218
26.35728858391295
26.426549583903867
26.51222351668738
26.58082728975066
26.649973678804205
26.71908418641901
26.78819781012269
26.856868417355866
26.925818116896334
26.994631252879675
27.072152400204732
27.140902819823584
27.22657073556957
27.295062631426635
27.364078512579084
27.433478745324173
27.50231927057946
27.57105192260941
27.639603041669996
27.708062760931472
27.77659809113844
27.86141000608504
27.937151946036682
28.01296756889255
28.080352367938417
28.147681317343277
28.230679975671297
28.935360836188107
29.081623490397448
29.139114467412266
29.197533286255567
29.257073470922982
29.342229756249154
29.40221493049047
29.46203448644989
29.52174915784224
29.581506245111353
29.641294810450788
29.701039406418847
29.777832758940157
29.83761459379609
29.89737526813007
29.974159661012884
30.04240852306377
30.102073458517268
30.161747829861106
30.22145839232769
30.281178605686485
30.340885174114646
30.40060511216751
30.460264990885204
30.528452339017864
30.58817388240566
30.647924504475718
30.707605735130187
30.767224058655156
30.826746613495594
30.88631884677105
30.94592621337453
31.005610471512313
31.065339566364784
31.124837708286268
31.2052708572836
31.282065545014547
31.431635282056998
31.651391221277226
31.72089812185976
31.797432793665777
31.945082683033654
32.0227672400056
32.092052563435146
32.1618675825817
32.231768753198715
32.31878497514263
32.38824369006673
32.457959541311695
32.527293326991256
32.59647429779381
32.66611472428691
32.73590262684471
32.80545178428849
32.8742537621042
32.94377868276261
33.013680050389986
33.10044685421626
33.170096421418336
33.23933818422301
33.30863824874694
33.419968524476154
33.600988888888885
33.77348558807807
34.00583433311911
34.204117057141964
34.350817513470446
34.49715066852659
34.66035149258412
34.80633525595424
34.93517176656485
35.08112659494765
35.20951309025396
35.35466146407002
35.42286784333212
35.49094946830153
35.55913687811893
35.62727742825073
35.69544978597076
35.76368646471076
35.82353899046735
35.90711346623667
35.97522575205425
37.43459275114155
37.61203546975172
37.94950641118176
38.06235065385616
38.175543632075474
38.28871543126288
38.40246656364087
38.557634858611955
39.07711197556632
39.22513480392157
39.44877000573572
39.5344267055609
39.64565554692913
40.006464912280705
40.30195632798574
40.514458067642465
40.577572798295456
40.64474103780031
40.704363995937655
40.93162651415876
41.0356026119403
41.45736150888079
41.548151736111116
41.910098375336
41.98464206423884
42.049388579501894
42.11441381130731
42.19036197916667
42.26078067963657
42.32069572963763
42.38967492287656
42.47261171473088
42.524636697454156
42.849196314102564
43.15017635608631
43.353792826838095
43.481253565629885
43.54059456438353
43.59986295761759
43.65907918519262
43.71831001408543
43.77753596997658
43.83666539717719
43.89579474873514
43.95512125
44.01462854593014
44.07435244506477
44.13402928313194
44.193162943262855
44.25280799721674
44.35512158667824
44.449894906877226
44.51624967003931
44.575121680323505
44.63404884747928
44.69278872357063
44.75175919192439
44.810233812313136
44.893872793067835
45.299593183817855
45.421140774928546
45.51694107801274
45.59512129700422
45.68948402279642
45.76690521807959
45.84461064062133
45.92236815588648
46.017756616591576
46.08751997578247
46.32229022081455
46.39958739228179
46.46950782267502
46.720260917735445
46.90128174076554
46.97096155375788
47.04011197283608
47.109635511813444
47.17875755822066
47.4629585760341
47.66990184532056
47.87663346908612
48.049111742424245
48.28134930057558
48.358930418222286
48.42822814339491
48.514065436889666
48.660362947286295
48.823701693195254
48.892781941439154
48.96167478374423
49.031093837070074
49.31499853534256
49.38443656730006
49.47025738126017
49.539275300472745
49.78872624429851
49.98674292246056
50.098601676811825
50.18465097533241
50.25384609333969
50.32287437702867
50.39118794759126
50.45991967248129
50.529310802648176
50.62341219282554
50.77803921326296
50.83774092655104
50.90351175777817
50.95835547174555
51.8425762686379
52.08952432181691
52.22496618499456
52.284562198578854
52.344391950753625
52.40441210910862
52.49000586211861
52.55000779822576
52.62719406319545
52.70417972146852
52.76421188480271
52.82428446579104
52.884447895696475
52.96176577778968
53.02188937296112
53.082157065622965
53.14253998449903
53.20316718146158
53.26403133969633
53.33364022649654
53.42060297600311
53.507562121155196
53.58602114798187
53.65581477413463
53.72528941158124
53.79467022808333
53.87292163333968
53.96834944098399
54.05539448924731
54.142109530238606
54.21166160837197
54.28120350564546
54.367893669892055
54.44562360901933
54.5233594991368
54.66156751815125
54.73925549050296
54.81693466428664
54.902765932311816
54.97168450252872
55.05758116227657
55.12636160349835
55.19531024778066
55.264189829177184
55.33309608521575
55.402097381944344
55.471255793321845
55.55735463980819
55.61764156370308
55.71256294329103
55.773031293278734
55.85052045073414
55.91950850381903
55.979913136515584
56.066080875584305
56.17765657459989
56.24635642620291
56.306184204893256
56.608818900610395
56.6940744949495
56.8134142550609
56.87314031862745
56.932544049578844
57.09479937099389
57.18012785787795
57.273965725806455
57.35912707562606
57.443711411270165
57.50389366455227
57.56381534742251
57.65774847191664
57.726120027735796
57.81195247188443
57.89734007280729
57.982484217082614
58.05921058033207
58.127166007887034
58.18653294212176
58.255123379239976
58.34945527796187
58.426291171246696
58.52943554522393
58.63255169875105
58.735590442278344
58.80396168179616
58.87251302103384
58.94141344686121
59.044567876793906
59.12185452754091
59.19055372807018
59.267610524040656
59.353228173576255
59.49043771861916
59.60228370849166
59.67157261844242
59.740245683333505
59.80045464449365
59.86106150768713
59.92069773888676
60.00567258666324
60.08251018573404
60.14213665223197
60.22777098586487
60.33005710206219
60.40696724336976
60.48406449858338
60.57798108855949
60.646248449122126
60.7236101579286
60.800605143302704
60.92746577380953
61.04752517239263
61.13336277173912
61.21918060484854
61.29616759548047
61.467955872357926
61.536117505964754
61.60424388281783
61.672191203703704
61.740206815418496
61.80847268793766
61.876975432406944
62.055332293384545
62.13211459004562
62.22610897555408
62.302962280682685
62.36272724754454
62.43968879249273
62.50827019171693
62.66175822503592
62.77252249122568
62.8404006019412
62.907953452915706
63.205090149882935
63.40036718583212
63.49372511695804
63.56169423353211
63.63859921209158
63.89403112731147
64.01331521335669
64.09895338346081
64.21054172990247
64.4416100712263
64.6298758161614
64.73234480080853
64.81775369856648
64.88627749875293
64.97152170156139
65.04003045869595
65.12546315524901
65.18507215922588
65.26148127134446
65.33803047531634
65.41464986497036
65.49155448977587
65.5768432245844
65.6876488442468
65.76439710464197
65.84917002258672
65.93419264280953
66.0022032358203
66.07049175870627
66.13880890804597
66.21535160166388
66.2921470793718
66.36912318692897
66.4462315030355
66.54015815993444
66.64214862808696
66.7782479862509
66.85469298835814
66.93145871230249
67.00827990510031
67.09347004640959
67.17877093150233
67.27247239674786
67.37507768555793
67.44306567140708
67.51116939938912
67.58773433620007
67.66451139045033
67.74987023777247
67.84406915712712
67.9636262072697
68.21103029465556
68.30495725993968
68.41642867784839
68.4762645600009
68.53622682762497
68.61393918936366
68.83670311431823
69.09374858245836
69.15344211079278
69.21304761297691
69.27275237336028
69.3326223823212
69.39215315231874
69.50357178770093
69.65789506691308
69.90609720854744
70.00056906726236
70.06068925873396
70.1398281587193
72.21439250632105
72.28406917535324
72.37864388424713
72.51567854773214
72.61833322597305
72.68679601828663
72.76380415979548
72.82394117023017
72.88407850064642
72.95272466103384
73.01268018544665
73.07253868821215
73.1323210876138
73.20067497943975
73.27769653700483
73.35492883257594
73.42353657156225
73.49200593342539
73.5777664912328
73.74082067861389
73.80954918334187
73.87812108113287
73.94652638399099
74.01531809525675
74.08387059162274
74.14372785905071
74.20336264523675
74.27987606056375
74.33960653795175
74.42578291231507
74.52062357821278
74.65043263024299
74.83228017183498
74.91029482375025
74.98782848856828
75.06560273416777
75.13467756871405
75.2034811178928
75.26347846106206
75.34117597482383
75.5229735026809
75.59198815339927
75.66113156773423
75.73070275075044
75.80034770169462
75.86937746097706
75.93817860558218
76.00720948612522
76.0760885300212
76.13610560143302
76.19628471851273
76.26544439587222
76.32619704639299
76.43907297951749
76.60446276541148
76.75271939690161
76.83091990291273
76.9089948648325
76.97830492844739
77.04758373487023
77.11699712574317
77.18623894209526
77.24701226460084
77.45557093146763
77.5329812671796
77.59427666844779
77.67276021518605
77.9207499273558
78.0888477996642
78.15040061833633
78.21221388068709
78.2730071725991
78.3335765633844
78.41199110481752
78.4727625726277
78.53319390719749
78.60207245364039
78.68825751099176
78.75772793585931
78.8621144177275
78.99309462479016
79.20331982976656
79.29978857567394
79.36989515550026
79.45724524812387
79.52673703751206
79.6134317081856
79.70887385205528
79.77856879834123
79.85740348553232
79.9186664673293
80.0062396187771
80.1206951754386
80.25237133020654
80.323096744657
80.39371052994552
80.45556286604604
80.51711116244415
80.59616291250852
80.67530862711722
80.7454201570608
80.8424821418553
80.91341895021807
80.9839263939329
81.05455818561803
81.11624573062859
81.20395616200776
81.27406704337643
81.33485218004662
81.40514691505798
81.49161123379795
81.6054918599635
81.71988174849203
81.95732869513046
82.06236776867141
82.15835816528013
82.25426728226881
82.34134310818268
82.45420615780812
82.52386230051978
82.59344222823026
82.67997488055899
82.77631935684765
82.85472459986349
83.00353547148384
83.1707053669097
83.32792852930737
83.38875529659903
83.44953931594729
83.51033645979021
83.57088751860854
83.6311476152452
83.69135101291465
83.75187694478701
83.82143634677192
83.89078606354629
83.97756801124412
84.06426932849544
84.14219251286852
84.21981592340698
84.30596015775369
84.4006866804847
84.49515500561863
84.589526355466
84.68407539713752
84.78704851082915
84.88975892671505
84.95869666569763
85.02757316559835
85.09638406042288
85.16466807754568
85.25033911818295
85.31026341418543
85.39582900430364
85.61022098298012
85.71365981578279
85.79150764843497
85.86925135644537
85.9380164549987
86.0069794977799
86.06784577185596
86.13805651949346
86.36404961061086
86.50281085171564
86.69322562247781
86.84918798667576
86.987933311939
87.2308880379179
87.4382757245389
87.51610817533893
87.58465908051691
87.6536672269381
87.71448991968164
87.870940064441
88.01790660956061
88.10499469339622
88.29618775355225
88.39031533661418
88.47599849366627
88.5362678239274
88.59735281433872
88.7105467721161
88.90857188956514
89.04600126455385
89.13263965674045
89.1936689330884
89.46313054245495
89.59327942646861
89.65469997374453
89.71594444444443
89.81074286910116
90.0185069303102
90.26116683567474
90.50257492932374
90.70164125889136
90.80549464992632
90.86563846263908
90.9489824172553
91.03268920839746
92.43993511813858
92.4992102610782
92.64377688438817
92.71183357674039
92.7715906500622
92.96999412441009
93.09210063972823
93.17023293372162
93.23934016038464
93.30827716154856
93.38690112018745
93.4649638953705
93.53375523235945
93.7152571244317
93.78492294802878
93.85430076287345
93.92314377828332
94.00095709932931
94.08758772888848
94.18262105672684
94.26928530543037
94.35551271969764
94.55537990080325
94.6680696772391
94.76302888632323
94.89321836281562
95.0732062422238
95.27253819222804
95.35920596236657
95.41977487867969
95.49778112809732
95.58439060409411
95.64525010718828
95.70623902856056
95.76730870862352
95.82869552947692
95.90750096383726
96.00260019134898
96.12409271469022
96.2887001778387
96.42683644403732
96.52195659620142
96.59095332736021
96.66094895768751
96.75594922018325
96.84229302461894
96.91161706979402
96.98964900510525
97.07597095151529
97.14529177247672
97.28388449470735
97.37098965477873
97.50184748740062
97.60618660553826
97.7186437514838
97.82333790743677
97.91049368686869
98.03323988133653
98.1031349051868
98.16410886454251
98.22501175115187
98.32137344519136
98.4618438347808
98.53183554924298
98.60184807529141
98.66301707333635
98.72477756573895
98.80367076601152
98.88295455641304
99.05953367349704
99.16473197293188
99.23445988643877
99.29552819998766
99.36512345537213
99.44348483128327
99.51308259752936
99.57354230780132
99.65208318448369
99.71268175578969
99.77330867989039
99.83455338539017
99.8960185536693
99.98396594563305
100.1065186449344
100.22866464772048
100.3417947029565
100.4291676586728
100.50783962510476
100.58556418680817
100.68955626668927
100.8102105998773
100.88810719948171
101.00862353184955
101.10314274003815
101.20640939669086
101.32646314860348
101.44694659952019
101.55843012593147
101.65286013206104
101.75626626156168
101.84259280919943
101.92019840285339
102.00688506855208
102.09306031897921
102.16224086699665
102.29938668312408
102.36805108176979
102.45362457810361
102.51426360342943
102.60099477977047
102.66141338069268
102.72146058060358
102.78121870807456
102.84050690138447
102.926481762824
103.03019333512302
103.1681866173711
103.22885573975827
103.289086674758
103.385033255286
103.54538631566497
103.60733203125
103.66907378691353
103.74792196436917
103.83589132460872
104.24691513480391
104.44042612712873
104.68184059561939
104.8545338979287
104.94880555555557
105.01825337938338
105.09544125120647
105.19913504511175
106.72163541666667
106.82682624895666
106.89397825442886
107.03128630844154
107.2642703878455
107.36865677927653
107.4373593196596
107.50634157857058
107.57479792986862
107.76402787104944
107.8327235732401
107.90182429473934
107.97049443039407
108.23384693471185
108.50514121063816
108.7085678743614
108.81852137021804
108.9283162482807
109.01843931025111
109.08130947290336
109.27064161347698
109.3421335536075
109.41407292287691
109.4863183738229
109.55895811212018
109.64931935207635
109.72217549001633
109.79450578561229
109.99108233868336
110.19709807462411
110.269502816026
110.34206116857413
110.41454504374082
110.48685642437587
110.5589943397299
110.63079770593603
110.7024091576588
110.77403616267695
110.86352447809708
110.93513307049831
111.00677485685107
111.07845768650014
111.15005887681158
111.23510686188686
111.30357319347848
111.37170870402028
111.44005514538898
111.50870962048552
111.5769958917149
111.64538951682471
111.71395070028973
111.78213337197337
111.85075995260836
111.9611889687256
112.23441083945418
112.48101405675871
112.74430049753879
112.8296611426243
112.89793067515906
112.96658175445921
113.034803936886
113.10256367322754
113.17058035946398
113.23864606666369
113.30636857706482
113.3831603303556
113.45105426906396
113.50543764225878
113.64759278968151
113.7120333865159
113.7852347009134
113.84971605299229
114.08456195447442
114.3031124433892
114.52181527271134
114.58646111024603
114.65107146114367
114.71567117109576
114.78021537121519
114.84476968520458
114.90938569530977
114.97400685923598
115.05454219732293
115.11904454415019
115.18353245519472
115.24811085542672
115.32848411019859
115.3932432409601
115.45808997245493
115.55785757048649
115.63861799313564
115.77642824762108
115.92218748608082
116.08405248691102
116.24557785756961
116.38134444222761
116.5172704378036
116.58490260445765
116.65274435949463
116.72107246713024
116.78951072772148
116.95987276334752
117.04496538605015
117.11307235458152
117.19799903104693
117.2663182891388
117.33443653160201
117.40220739438585
117.55064138912417
117.63750746603196
117.78179992690315
118.05058040169284
118.16485409802603
118.24107230382138
118.31754895376837
118.39378614315838
118.62351994949027
118.70031794323005
118.77665364429113
118.98700770209871
119.1590871667872
119.36000052270192
119.46467361111111
119.61854384102286
119.69544655755453
119.81548041632439
119.94383688003896
120.08922440681911
120.21737112839048
120.35413654121078
120.61958987059509
120.85074202095203
121.01260075959557
121.14924200807901
121.39750756574637
121.54249012315518
121.59735466597638
121.67235687101928
121.73254763263824
121.79318247262145
121.8541957857023
121.91519272344168
121.9762631671202
122.03733590955783
122.11363048845153
122.17466163074234
122.26596773784148
122.32689983739388
122.38814240265037
122.44957372502259
122.51072993461871
122.58664961663438
122.76959968803301
122.8305266040687
122.89141187651121
122.9522943225678
123.01348460857719
123.0900705615222
123.15122677717716
123.2176107868081
123.2894132938058
123.35105695248416
123.82301530552186
123.95210908101679
124.22797087102813
124.47584094815302
124.64700937741493
124.71534649191926
124.78408268091567
124.85296577711411
124.92209846562893
124.99071319101422
125.05905556442289
125.29007506773821
125.49574573076754
125.58116097081161
125.64991002499542
125.70509115096604
125.8268603125414
125.93906409448435
126.07125251647885
126.25333766444191
126.33416305511511
126.47547808981652
126.71791936954693
126.84991714159672
126.95108670750159
127.12278864266133
127.24428299080628
127.34528930190515
127.42524712092117
127.50560159339202
127.6060560515873
127.69217715530853
127.76089510306836
127.82982434178483
127.89892580764294
127.96785174083391
128.03705770291427
128.26923488053149
128.33793910075772
128.40639075283903
128.4755084731497
128.5450675960109
128.61454826569303
128.6839293854186
128.75323320276266
128.82216562405242
128.9944972848943
129.08054078813663
129.15718496883377
129.38967974882982
129.44950597928067
129.51445762216542
129.61634864724724
129.68202171927678
129.73987503805716
129.79774434385166
129.89162613249576
130.0944414785808
130.15253326755723
130.23256338418147
130.29057373874812
130.3487347278499
130.40695879384054
130.46522652843163
130.52362275800573
130.61113357847435
130.68387673916482
130.74226715069653
130.80065536587284
130.87304418729224
130.94545720044545
131.03300534707034
131.0912010798342
131.1493780976439
131.2075966418918
131.29749078438124
131.37016745948486
131.48099666451202
131.80171095506827
131.85998193862747
132.0043186073748
132.08971041710606
132.1664852082536
132.26071405411568
132.5266043559001
132.61190578022257
132.68033279796302
132.7487249941822
132.81742829130943
132.88596228863554
133.15150516049923
133.28023158885958
133.40873137226583
133.54556471664264
133.66542220882508
133.73402192982456
133.81320939339417
133.9561905569682
134.06523698730462
134.15454022032566
134.24164996621525
134.44674195207577
134.6171340128372
134.74568619532914
134.94947513811047
135.13180825158605
135.27122475241256
135.38445065808722
135.4482784837276
135.51257963039166
135.57557267738565
135.82230445458794
136.02190845890127
136.09078315480735
136.1684433707023
136.2362919912417
136.3046798866273
136.37383024289196
136.46021580783994
136.60737485718525
136.8060922662712
136.90104914444748
137.01323459345792
137.1606157091106
137.30833760425216
137.4038137365699
137.51643095524392
137.6116205404994
137.72393242247315
137.94074203693964
138.14021594172422
138.28799262558724
138.35709575812584
138.42597699408955
138.52152295512587
138.5996282676736
138.67743518185574
138.74777762428081
138.80913755070458
138.87767782823033
138.93281586021504
138.98783783542947
139.04286907535072
139.09803393418997
139.15340791799952
139.22248824101024
139.33955189848817
139.44298241411767
139.54663110884454
139.65722561277386
139.72630838633745
139.78155962667103
139.8368408075967
139.92093508155583
140.04722394837034
140.11758751338652
140.1737434934036
140.24973234914572
140.39493802385633
140.66487578828688
140.7823251148384
140.94140134178656
141.03862275653427
141.0944379309646
141.15015641805337
141.20579164767142
141.2615369481971
141.31721392846666
141.38620476215607
141.4552896847335
141.52415004509362
141.57934783751134
141.64141575916568
141.7190548290548
141.85164889057788
143.73738011145727
143.8423484170761
143.91204060107898
143.99009172693914
144.06845429956647
144.17185518468105
144.2410963743181
144.3102034548122
144.37916253508175
144.4913777232217
144.67239005439146
144.74936539402924
144.8183558638571
144.8870449445624
144.95592989863457
145.13236934690607
145.23214743785755
145.35043351594229
145.50527118539256
145.623611620595
145.73309912122923
145.80612177716543
145.87893200239768
146.1605286074711
146.3510577017653
146.50497195177934
146.68290504550998
146.75920602566828
146.85286224435163
146.96344499543244
147.1936412601626
147.42416083162598
147.5009639629779
147.57720097755768
147.65373837414597
147.73843299135137
147.81475204390603
147.95937328963475
148.10398848081863
148.2149103000402
148.3175169828792
148.3971480107309
148.45249404998253
148.5325538550534
148.60517976026077
148.70967465947498
148.8720798488512
149.0023045836071
149.06747222455323
149.13263997280077
149.19774767603988
149.2627612336896
149.32766666795968
149.39283898380316
149.45779572943027
149.52277710654286
149.58762947918714
149.652194536952
149.7168982805483
149.78157114881543
149.84617821760315
149.91067101085417
149.97520084596889
150.03985344608452
150.10453443889966
150.1688725720417
150.2494093051122
150.31395223684828
150.3787404844253
150.97512430168757
151.06017165232075
151.20659976087387
151.35253895794813
151.51597932305378
151.58428705547
151.6529181346511
151.72172095368856
151.79049106539074
151.85938659729374
151.928432211633
151.99762314443623
152.06642358671814
152.12677014881763
152.18720909065584
152.25602308228673
152.32485162698256
152.39365585511905
152.46258794481165
152.52624870068215
152.61289455950765
152.69992230687194
152.7768950361908
152.853914275611
152.93964441374425
153.01593395463715
153.09242475961403
153.1689828005563
153.24591652955914
153.43802276941568
153.58196041380896
153.65881550516653
153.7354225782751
153.8118324185818
153.91722156759943
154.0225787651459
154.09848413088443
154.16811805555557
154.24526596774643
154.3221977268059
154.51050913388215
154.62213908882936
154.73395472012425
154.8458306869142
154.95712658931348
155.10327908108002
155.18049661574716
155.25764485558514
155.33495674585134
155.41194194745998
155.48869267239002
155.56581091046442
155.64292609739076
155.71725964801755
155.80672163580792
155.9583576930231
156.1104253143959
156.2700461315831
156.4606380602183
156.68207105840804
156.77376078741094
156.86529031209295
156.95692400475153
157.04848624992385
157.1398508825044
157.2312100532176
157.3070763883111
157.38673573651505
157.98463667161946
158.106609902974
158.26169159729233
158.38152460346672
158.50118295275527
158.74026733198738
158.81763422741867
158.89459779588182
159.15246954397895
159.32515727794922
159.40213669130503
159.47905507203765
159.54821644939378
159.62527710687576
159.68719162339082
159.7593688407299
159.8313324157091
159.91396468985275
160.04576430042772
160.1978779001407
160.35002522797936
160.45152392254604
160.6243507095356
160.81743736618964
160.95954343499528
161.03060188707596
161.2027335121379
161.28369311425917
161.36469682760216
161.4291643211658
161.50735622811365
161.577119140625
161.6464629695242
161.7154340431024
161.7843477352788
161.85363358411902
161.94926951216803
162.19176091048433
162.26094198534355
162.3300030383806
162.3993923160653
162.46890537919165
162.53820440544163
162.6076582137751
162.67748685993297
162.7472141958201
162.81649017281342
162.885731158018
162.95490019673048
163.02391506662167
163.1535416745447
163.21201430138754
163.33699088874994
163.47517098155012
163.6125355765926
163.72819142755623
163.90175686149175
164.0682866891953
164.2926798799254
164.48806496619417
164.59669702135875
164.70531047848897
164.81395535611705
164.92979806923447
165.009618885276
165.09636476034825
165.20087238537386
167.0776493961169
167.13766979136759
167.42104824102532
167.53286558139527
167.65309756014483
167.7570620828844
167.8355079821317
168.00175709135783
168.08925081159552
168.19404937906265
168.290233427384
168.3949420139768
168.5082096001783
168.59527849834538
168.68201440672783
168.7689583131544
168.91672107243002
169.01230895349113
169.10780559854237
169.21188413908175
169.3160621961144
169.4374242214937
169.5675185390895
169.74076347264088
169.95708170999438
170.22486690142952
170.37179842871853
170.49315666744747
170.5625549758657
170.65871196554895
170.80655714660446
170.9294195402299
171.06099063537914
171.21069617861264
171.44058879560723
171.60857547678128
171.67025055297296
171.731323301811
171.83748569863874
172.00591121451748
172.14812041633218
172.34311613314787
172.40507848682387
172.46623380847728
172.52762460730173
172.6063387452854
172.7722356387092
172.83337093202314
172.92045096341442
173.0164178912969
173.1035236852024
173.21680963747374
173.2779398350997
173.3477121003961
173.4172901161866
173.48687859823215
173.56549412656517
173.62657560680304
173.70506113602406
173.78361967020757
173.86181925909327
173.92273597321358
173.99248641969908
174.0795102834246
174.1405624938201
174.21943669020612
174.28064063621676
174.3593275544015
174.4205211951115
174.48164783374935
174.54255349115462
174.6296619226637
174.6908184669369
174.7514276760914
174.8301648793353
175.40157465277778
175.54377136835276
175.6029793211462
175.66262728608797
175.72261980431242
175.782811998415
175.84308685889494
175.90360735284108
175.96409004460233
176.02468155368143
176.11117114684677
176.1978066047201
176.30247834185113
176.41577619536292
176.4768934916301
176.55589051334795
176.63538124923562
176.69715049048125
176.7589678080508
176.85621232068453
176.96297393240658
177.07891255580577
177.16885583658632
177.3038111396771
177.37540230537442
177.44648921422012
177.51676492070732
177.58726647838432
177.70164623942404
177.80695102653976
177.91183952291883
178.00778121283506
178.09510004399468
178.1739837032178
178.28667811160332
178.35669975503717
178.42633267882607
178.48765003338357
178.574806362354
178.6446754838718
178.7236090353007
178.79403357562308
178.86405804338796
178.9340773964749
179.0037911245347
179.0912873570339
179.17089168900728
179.24993362856387
179.34600099069348
179.41657675813207
179.48666986574113
179.60938360033578
179.69724037064933
179.80171665104112
179.8888401057287
179.9680567527579
180.04728405229238
180.12615025846026
180.20458005862292
180.29302102352244
180.43303113335915
180.55525262052655
180.6513515645862
180.73142260355314
180.81103087423176
180.890273955668
180.98594717261906
181.0905222877273
181.21279698197455
181.3776208292919
181.5078893856218
181.60431092656958
181.8469568491102
181.94239237811217
182.19302229187082
182.2704578725701
182.46029011266583
182.55493071517574
182.65849722030495
182.76191047163894
182.85613002312397
182.96740987368239
183.15659917894092
183.3465856535311
183.52734967733346
183.76837583240388
183.8552578188919
183.91610236935583
183.97700378995387
184.08712946339597
184.31919184945122
184.55075540438187
184.6110989113455
184.6719021443518
184.73278065315364
184.79400946993638
184.8552388841479
184.91584493549007
184.99367807800186
185.28545195959643
185.5504804922305
185.84016618421555
185.900391932549
185.96074642127806
186.0208708696571
186.08090527378468
186.1412071774299
186.20117434303882
186.2609244400777
186.32325074124304
186.38536926464437
186.44791266393113
