File type = "ooTextFile"
Object class = "PointProcess"

0
186.785125
319
2.934345052083333
5.323299768518519
8.033272259159222
8.221517580762935
8.409811808839594
8.597961039104312
8.785688409491456
8.973052209397803
9.160013130865174
9.346730954065213
9.53340625
9.719833016215153
9.904487488703051
10.088460698390142
10.334018086713984
10.610539637972265
10.794742178632822
11.050639239073078
11.561411184210527
13.064358978900982
13.26822049629763
13.471773133490933
13.674912250670415
13.877386841720385
14.079536706349206
14.281403534709863
14.483388694493106
14.684782054040838
14.902407569659498
23.404134645061724
23.64989421432986
23.985360360021403
24.281327216444357
24.48185634714345
24.732262681159416
24.914643917785217
25.294697295366657
25.702672407786984
25.977984850420363
26.23595390541751
26.60553693181818
26.90612114199987
27.317896098074247
27.566636656141636
32.147352150537635
32.39115247539205
32.693484395010586
33.25654082731838
33.566077280910726
33.83261927190171
34.065112979842375
34.24636801250389
34.50448845720721
34.70242862262493
34.959884630319145
35.216935434745764
35.50710940624375
35.67750924559886
35.85681168792775
36.04767323368938
38.84041428571429
43.39448958333333
46.156518779342726
47.31594132653061
48.16013944788052
48.73659978309242
48.985975874855036
49.28722541715584
49.57099381510417
49.820449729931795
50.03543694133753
50.362155193462506
50.71438135225348
51.16117623334333
54.40202858165146
54.661481981981986
54.87734559575603
59.55111271367522
60.4222768361582
62.583829090467866
62.80516613591928
63.0260625
63.27276823212242
63.79942807855554
64.02109949854803
64.31162053571428
64.54254178259251
64.74729981754369
66.48923144479802
66.7275665449672
67.04301362064409
67.37548735119047
67.7335182487679
68.0747529965107
68.37381141598408
68.79392636975163
69.15277378477082
69.40109444444444
69.65819849343205
69.90640903630893
75.25166282894737
77.70970584033223
78.15192894684645
78.4895376984127
78.82700890396899
79.66494078947368
80.7129193145883
80.97758333333333
82.09915460526315
85.03910402272591
85.21058843723195
85.3989365942029
85.63915515400869
85.84632207194076
86.8877132269156
87.13058585356195
87.39945597484277
87.60634846465148
88.64489598002399
88.842740234375
89.06718101694031
89.54938208333333
91.09231845238095
92.48750092592593
93.25431118358759
93.58350143854737
93.79972468354431
94.05825551849685
94.29163264983876
95.1191653107262
95.32714338235293
95.50904346753846
103.07186738782052
103.98611417096309
104.24691513480391
104.96409756802107
105.26601666666666
105.47812981291395
106.9064594315528
107.17399409814011
107.58048955115174
107.82134219299547
108.06862203978484
108.31493182633446
108.51825250151411
108.7216788210919
108.95887862318841
109.49032966257778
109.78707531281292
110.47873421140376
111.02665570609003
111.29869926885651
111.64771932230393
112.06580279428948
112.3389566532258
112.7388267980587
113.08729121125484
113.38507818003822
113.74305001626091
113.94561601437957
114.1804237794622
114.3989614697943
114.66621536144577
114.84385642381656
115.02139130829798
115.19872861826691
115.37587305090439
115.57794237384773
116.35923782946183
116.85208382299382
117.17552966192821
117.59494199492394
117.78739158163266
118.05617184750778
118.33464403017669
118.56445930438056
118.79396628501634
119.00431655170306
119.17636563716742
120.26455230916837
120.51308572882954
120.77834515765765
121.03467917330404
121.2998885808935
121.49658637643083
122.03274217284951
122.21567979420924
124.93351827309115
125.19861393763367
125.38718998262537
125.60997627314815
126.00898708995902
126.30301731637991
126.72998362965245
127.11409594298244
127.79312642865077
128.26621505407275
128.87811611083876
129.1959212962963
129.41105062685762
129.91157898711438
130.099911670563
130.38330248951357
130.6863815841614
130.9192674873891
131.16644594594592
131.3650600969003
131.5631057477971
132.45751372459083
132.90436944633635
133.169886149956
133.4442836436062
133.9588898088661
134.22122823817213
134.42624721023816
135.07999217142586
135.43336347172007
135.80781987847223
136.47068585547007
137.02392887863175
137.4313586595145
137.6562584514497
138.05522001424896
138.43664938449848
138.62747627528947
139.1148083339413
139.40378026446288
144.05128541666667
145.31141542405942
145.7303273809524
146.1214269499157
146.3848832959933
146.5753127691896
146.82627516849087
147.0905903298952
147.32108817856943
147.50895654337705
147.7388125
147.99374615673432
148.24917947437578
148.74104043969405
149.00116597472322
149.30143611111112
149.53627654241723
149.73037504254705
149.95643237602735
150.1501636554445
150.40471975806452
151.8293940521193
152.14717724105301
152.447875672043
152.91981086418735
153.12044985978483
153.4855197873121
154.46277429450828
154.68615333236303
154.94420833333334
155.16748638819337
155.3566879095016
155.54539813685548
156.04985960144927
156.27040096572375
156.491556836418
156.77383642460563
156.9570607638889
157.1400371592288
157.412098106537
157.5869486111111
158.15350702780532
158.35069431912055
158.59000572916668
158.78676215355196
159.07912686981015
159.37159645347833
159.68061501516158
159.87651322021838
160.08928854166666
160.2921183383616
160.56641895992703
160.75962574167676
161.00285968137254
161.2256999328689
162.12230892056314
162.53812037037036
162.92778319698405
163.37149525849455
163.99815440582074
164.25149635776054
164.47578804347825
164.6641568464273
164.88140191625124
165.0770272853998
167.21415457262327
167.5060306122449
168.0218838834703
168.31036410250022
168.52826077586207
168.7020758036689
168.8932546028246
169.36223056397628
169.62226002292533
169.79555486111113
170.01185011944185
170.27114024930998
170.5222535873199
170.7398398880154
178.83399131944446
180.14724704578637
180.34010666666666
181.5812626488095
182.93512328151556
183.1242884966954
183.32303205046364
183.50383181309283
184.064073799435
184.52809723530393
184.82063804802934
185.12989037558236
185.40394867018543
