File type = "ooTextFile"
Object class = "PointProcess"

0
238.69909297052155
4712
0.8871146009654011
0.8926308290227256
0.8973744581472737
0.9040757713225909
2.6603705840404475
2.8348442396186933
2.8516361898494176
2.8678329439409898
3.38349996381268
3.3890207713986458
3.400650478749944
3.405669666588958
3.4113224183435698
3.458829718558598
3.4783610830568303
3.499069026985238
3.516283623706947
3.5362884547758493
3.5739350385248057
3.5981188396042443
3.6175990687240334
3.8454725986612632
3.851931587876833
3.8589111961144154
3.8653378433176044
3.871610978101878
3.878894067352311
4.187504938762849
4.193179766956288
4.197368060884832
4.201813802586689
4.206252758587128
4.2890485357208625
4.294146778257172
4.299134345271246
4.304225900267115
4.309908477035765
4.31559883848028
4.32069044440206
4.326045556665569
4.335757787099442
4.341395425333832
4.347061613743217
4.3708730194192436
4.376467208861146
4.396296612629912
4.402496807195179
4.40870892196506
4.41601793640946
4.421739226127468
4.427060635676705
4.432442997984225
4.438452610036255
4.443903958209228
4.449827309210263
4.454626751381141
4.46192793703077
4.468041549953314
4.474700643416682
4.482702077616479
4.490494860172677
4.497449576638543
4.502789414963458
4.519107257569742
4.524520256934079
4.5291172754978675
4.533721504785561
4.544551033071436
4.5497443524247885
4.554460249345234
4.559780554458444
4.565916971864095
4.570844901308016
4.633294046742618
4.648545638736791
4.65839944349099
4.680669797014598
4.689127935029308
4.698399322804024
4.7087283313973485
4.72482500840544
4.735370161609546
5.030524804850041
5.038858998144712
5.044848818681723
5.072085858553737
5.0887208895230645
5.108353864825699
5.127538366170544
5.1513473311086555
5.158573799832634
5.165638012780869
5.174149181964058
5.181912203443505
5.187660458654723
5.2468519941051515
5.252177261421725
5.261968942915845
5.26687619047619
5.272953821490469
5.279962775319338
5.285714395604931
5.311080308889439
5.335003594933909
5.353395683690353
5.370275600408655
5.406249493174753
5.421981242751145
5.4311997895370485
5.436446915385011
5.442777777777778
5.448977481191537
5.454394245132173
5.467045271122995
5.479068418095477
5.492318920788654
6.860135211954969
6.882196775006299
6.904151908123071
7.112421758905716
7.117427462100706
7.121640884779287
7.1268623205613535
7.131174457656081
7.1357336608973405
7.140537517610672
7.1451249617177925
7.16765179087508
7.184966216336765
7.193157623672008
7.200495755834689
7.208037854773046
7.213101011622361
7.218140131845743
7.229854645863415
7.234516118807124
7.239158214867284
7.482120212010347
7.487428495207607
7.491521106929381
7.85468253968254
7.862542657616396
7.86805351048601
7.874229492707582
8.235779596894584
8.241193964849083
8.246339614545565
8.25140209661526
8.257640472459814
8.261987411872486
8.267384117508849
8.272106408567787
8.420690692056505
8.42786862156871
8.456937131348008
8.474526452176663
8.648713361968932
8.654855109348057
8.660235888778802
8.665313771150323
8.670610208500586
8.676925888507219
8.681882858423476
8.68686129265457
8.693148283150883
8.700324659521067
8.707251320611563
8.739898183598331
8.75423003889903
8.767253458456668
8.77986601761447
8.946983235241662
8.956201315134942
8.9603394481283
9.067797564885828
9.074278561114804
9.080390055723237
9.087423584032434
9.093339501433785
9.100606900934471
9.106537208902585
9.11154882250971
9.117584397633792
9.123096991070877
9.188154499329277
9.193051059504262
9.205102053363289
9.336133786848073
9.422480725623583
9.44257495590829
10.330417485376689
10.336376045084624
10.342561423194708
10.453975054807524
10.492445141166945
10.54012471193178
10.556640645906395
10.570288153930061
10.593874397692458
10.601743952098927
10.609514631249326
10.615450430602737
10.623951059234042
10.631926634526133
10.6823575432628
10.687594277288987
10.69349272391006
10.699494251988552
10.705488892118671
10.709622959403898
10.713655548240801
10.718604701883946
10.723617205859016
10.729605750952897
10.7346392635748
10.740784782965905
10.82211130188368
10.832987627511413
10.84004081632653
10.845207007312347
10.987582353930566
10.996669734328181
11.00136760876857
11.005979750721744
11.011084937302204
11.017375696493517
11.023769587148747
11.138543145422918
11.144296639389331
11.150754626613763
11.156620065479487
11.161384261596275
11.166175056531378
11.171959175297832
11.177842130967615
11.182524643061376
11.187245994497927
11.26647955787935
11.287690540858847
11.303279999091831
11.320178203930267
11.328150084961361
11.338555732964494
11.350314861328279
11.359598118565149
11.370408198680009
11.6049559676324
11.61102902761393
11.617466149921507
11.717117639921275
11.729598438715515
11.805048275686477
11.832067699932207
11.855313840760711
11.882040328085461
11.903573508797363
11.907926413282961
11.913069070765562
11.91890955965357
11.924198600692755
12.236633495664837
12.242597640131745
12.24731409926155
12.252127353977874
13.308403789409603
13.319811967937696
13.331286321467559
13.34199260747117
13.359500733801774
13.383253863725372
13.427372102848903
13.611174322412582
13.617693300714055
13.622941038186333
13.629144446979216
13.634499054652755
13.710734790207926
13.716579925577857
13.727061540195118
13.732756924952087
13.756460829022101
14.084613875546154
14.090189192703441
14.095382540345216
14.100795775730875
14.106163204136118
14.11141029874733
14.11659273930743
14.121681000283525
14.12688294178634
14.132141694652272
14.138577669032099
14.819076362179544
14.838460127557317
14.860468988048432
14.893202906060049
14.920412386671716
14.937632458493248
14.954720583923313
14.970816403879347
14.981933710831603
14.987188666272298
14.995884643187138
15.001486303059748
15.007681339879847
15.012599507888263
15.018572947888238
15.024302031342067
15.029397502904114
15.039431269249778
15.04519837298574
15.163251765822068
15.179304061018346
15.2009438090498
15.225201482005778
15.577903504636177
16.921439909297053
17.021308948111706
17.048374635568518
17.273047649596666
17.291625349193787
17.310391709215814
17.32862557327511
17.344233885818912
17.673898929452342
17.70274131008825
17.726009587210292
17.747997027809912
17.946201373479955
17.95491691406176
17.965678726765756
17.974643804687734
17.981373795791665
17.988445975792917
17.9950688862709
18.001506721613193
18.007182487270914
18.01245781510074
18.01801659960822
18.022284260087265
18.028174430686036
18.65253953674097
18.66370990352367
18.67400569051351
18.68483789800948
18.69227027814184
18.699762677349952
18.707366905502873
18.72445265118659
18.732799481095416
18.77825366981937
18.803597883597885
18.827432820600734
19.694865829038402
19.700508829002683
19.705926962342627
19.711013782106313
19.716339036901495
19.7216267530518
19.728224170862855
19.73320505780788
19.738488877146093
19.74397539644368
19.74942503171822
19.755067563511073
19.75969180220696
19.765309139927858
21.90058787385235
21.93056952206803
21.96248459898981
22.074215052836447
22.085270436043274
22.0943857386768
22.140193524567156
22.165955926952403
22.18998378241822
22.397690770166662
22.403124875522828
22.408586014575544
22.414068152998095
22.420557571567286
22.42659240429156
22.43352076130782
22.440507833657353
22.447491393844317
22.454450457104304
22.461328271665977
22.467263548101684
22.47395655517514
22.482080172346265
22.488024158515856
22.49423892308246
22.5016417498335
22.50848911154001
22.517589627618438
22.52724020730921
22.537324179779652
22.551801178801657
22.56649451320546
22.583349786014804
23.924421348677203
23.929501948327182
23.940955856795274
23.945788616267592
23.95058198867556
23.954674650637898
24.076697527225715
24.082035608635653
24.08737667557448
24.09211643144164
24.096428655761073
24.101217404463295
24.106206124558913
24.268698757379532
24.293698680300277
24.315947501580446
24.34399182048415
24.378155506526323
24.38546014445123
24.392878962905918
24.397941705215164
24.404727396839277
24.409729654536484
24.416796856037173
24.448114772013227
24.862900584326173
24.880146428549615
24.899155667701862
24.92033421912131
24.943727165888628
25.21860972637579
25.22464578101751
25.23118685484144
25.237050995435506
25.543184489573882
25.547821612771955
25.5586856675429
25.562970503458697
25.567820685160292
25.572510710393733
25.576842615660784
25.582208918831952
25.58711145426899
25.596332971679168
25.600650928229605
26.04390083183721
26.048573903988167
26.053241282974838
26.05868299082286
26.063970414138016
26.07046371934105
26.449608474933026
26.45399286275548
26.459342393211926
26.471345265286363
26.476512046183082
26.481450978432395
26.48649911373097
26.492016149240513
26.496426055071318
26.505193634559095
26.51422547790066
28.329278997568938
28.340635574166257
28.349590185293803
28.358979563610635
28.36876221735292
28.378864502272183
28.3870653287848
28.395114198542252
28.404548750344837
28.411927159409043
28.420542173021747
29.194052821513967
29.19833397958301
29.20345579309822
29.209483693579934
29.217409110164215
29.225083184573002
29.232449865108855
29.238633600320746
29.24474796712332
29.400625650506942
29.424206590437592
29.445339155390663
29.471227134692683
30.209933898805314
30.226537424109427
30.246768406076278
30.53171302945404
30.538136565465297
30.545478228353332
30.551384444078447
30.5580375608511
30.56607231434588
30.573947871294898
30.581396929307306
30.58653108588954
30.597952243998805
30.603339808245167
30.609008573246445
30.613237588198
30.618737873519386
30.624299697490454
30.629184287181914
30.63601813293807
31.00201343039879
31.007109473419
31.012199379707592
32.27204268536916
32.277252545262975
32.28228578296897
32.28734427142085
32.29247841177427
32.30270603982186
32.31325812228867
32.31875630438712
32.32448731519184
32.329185771224786
32.334454231179514
32.33904105072956
32.34556660150842
32.35265244595978
32.36014738580006
32.36763157441463
32.373768261938004
32.3827065360637
32.5797125301882
32.58658585698526
32.59120834053955
32.60281635810702
32.609744869085155
32.61652601431452
32.62469772448541
32.63190808276324
32.98452114196183
33.001975729996204
33.02434790685241
33.037091418683545
33.043246354071016
33.04928024911337
33.05631004731998
33.06368835978836
33.06911361119184
33.07664863692441
33.083433351186706
33.091005015749545
33.24199405775085
33.26073268990136
33.278919019402835
33.6342342707401
33.64088883247144
33.64938123099848
33.65567692975006
33.66259488584505
33.66818944747354
33.67693172324751
33.6825184768461
33.691193153893074
33.69978617709079
33.708666653306054
34.3893910608376
34.418166904969226
35.22700522427371
35.25134218734509
35.28020095498773
35.3016955155164
35.31697682510456
35.329286140647994
35.33876211958049
35.3504075411173
35.36155064947885
35.74289938806573
35.760354529055924
36.2155506663632
36.242817618557204
37.31597505668934
37.33410426095318
37.350636432619716
37.3792713686365
37.39568161877947
37.412142857142854
37.42857650085648
37.44585460641109
37.46256255027348
37.47716904444506
38.68429388746811
38.70940369387801
39.08141267894314
39.09873244496701
39.11582572256768
39.13502816371546
39.24185984620727
39.25993058317865
39.277135798643386
39.292428805175746
39.84403650213709
39.85749462943072
39.86908508971845
39.887336447016615
39.960792415953435
39.98010084842035
39.99436430547367
40.01045691609977
40.029852777614266
40.0947339135638
40.11021657642649
40.128923550851745
40.146066819616856
40.16577562892378
40.181214345387275
40.19669665891134
40.225632005990335
40.267597378472374
40.28571434408942
40.30501657073086
40.32157520376251
40.3403748291507
40.35696262997925
40.36612711751367
40.381362156244165
40.47551175515772
40.494261418853256
40.507447339345184
40.54695314858459
40.56023809523809
40.574797163393065
40.61246287762417
40.628720701851584
40.66431728182337
40.680130718954246
40.69659005052197
40.72456565001006
40.807789644637104
40.82404761904762
40.844450259543294
40.86353879216551
41.07538874007016
41.10150726957449
41.15326283540808
41.16891966310333
41.185102242220644
41.5423079121969
41.54758673484015
41.55348450158111
41.55826741450867
41.56309031032285
41.567711655705914
41.57229566453447
41.57895555339309
41.58511820341784
41.59505452268938
41.59971436456598
41.68076625912097
41.686709816029754
41.69170875234561
41.6980954928788
41.702927095181266
41.71682045538741
41.73211141501274
41.76301824958731
41.79250853962988
41.808216940309556
41.82240421184976
41.83938468134159
41.85430942484804
41.86782734189416
42.8475167710966
42.865357333944814
42.88587735622662
42.90525641482446
43.16431851338043
43.17715571099752
43.18909877269309
43.201596700355005
43.52507929592014
43.54231068598046
43.559961089180135
43.5755216285242
43.658230627138565
43.672350718065005
43.686519577380146
43.69935186524174
43.75442135810965
43.777830090384086
43.80274119710777
43.829269414373925
43.85027698472655
43.876177682117245
43.89948915132968
43.911742142531
43.92194680597067
43.9306084293706
43.9392425903636
43.94684755549609
43.95310355253212
43.96060141436882
43.965939812330575
43.972508483289495
43.977674266630764
43.98540434408877
43.99766383615931
44.67928686683969
44.691311503867894
44.702153629067816
44.76004870032576
44.781417128579825
44.8026669880998
44.978874596303164
45.000241203917504
45.07750795228377
45.08359171645942
45.09108786105713
45.09723795080665
45.10479448956989
45.110174013054326
45.11788051482642
45.12289963695394
45.47187878337388
45.49353907733387
45.51131256142637
45.52503067139061
45.53487607494487
45.69161754310898
45.708909022664336
45.71532918577212
45.72691090410563
45.73147120274886
45.742994930456256
45.74760597149265
45.75218000085886
45.75674169414333
45.761378304826735
45.76745221826667
45.77416861427364
45.77905521891483
45.78975156084901
45.82507047519121
45.837701820254516
45.85149414657276
45.856243394486114
45.861806791591995
45.868064717101376
46.910806909602194
46.93499962865518
46.961950074661466
46.985154743087
46.994458878116234
47.0037319817501
47.01211855293156
47.02167286494617
47.02845322590599
47.03542498866828
47.76033218327486
47.78038918831627
47.79793595601629
47.815634607301355
47.83000466840556
48.18694401041684
48.193042456820635
48.197951941684174
48.20863093533949
48.47475004507032
48.49680717173135
48.52337248354812
48.549450953714825
48.57443541068288
48.598411257322645
48.621553935921526
48.693706162655396
48.71297971723759
48.718095598526
48.72254440056198
48.72714088941361
48.73130188425728
48.73604558004162
48.74020657282475
48.74436746371881
48.792849757341834
48.82032914175771
49.213219515017194
49.21769918658274
49.22267613323646
49.22708742483508
49.23748879135089
49.242816382437745
49.246883288506886
49.25171365619222
49.25812553322323
49.262601345811575
49.272512181282615
49.27742075295414
49.498953718239434
49.56423033226201
49.57087506378785
49.576541698160746
49.583770356489175
49.58901963894671
50.448506438350734
50.47855485568713
50.628246326791
50.653786122280295
50.6795813997763
50.73913516595983
50.762246601652905
50.77015579821326
50.77798336733311
50.787814085567334
50.796697054922326
50.802496654838656
50.809484020354645
50.8142888906756
50.82073412698413
50.825640005604356
50.83160050804518
50.838092741543434
50.84361512725409
50.84834187820974
50.85515698909553
50.86195683396696
50.86939379770456
50.88063696263916
51.160361606093794
51.189150312830186
51.21521156158939
51.236363093073756
51.350410716839285
51.37528153974904
51.43200651766048
51.44375382482354
51.44982422693069
51.45516410919228
51.46047836609361
51.58702969725456
51.59386937511126
51.59865751553075
51.605721049441854
51.61784523809524
51.622789255541576
51.62763078284894
51.63213191586669
51.63661037147021
51.64106613586984
51.69126884305048
51.69727512529484
51.70383128796227
51.709577063448734
51.71657062432963
51.72598754104492
51.73450972576531
51.742441214895535
51.75032974119118
51.75674077899486
51.76312849081897
51.770993211705694
51.83707132177964
51.85297880857178
52.058935172242414
52.075663549075514
52.080631296959325
52.08650065500907
52.09167553081839
52.09671825884255
52.101546785039716
52.10745145785239
52.12007202764814
52.13304073365457
52.14365872826917
52.154930928390854
52.18751132771418
52.20114884539964
52.214880218473716
52.23066393181966
52.24846096701505
52.26164902571198
52.274956237252916
52.28611974106585
52.300299633002815
52.31336095697278
52.37339647597776
52.379273095128916
52.38522752790436
52.38998455912538
52.3994522452871
52.405473375305995
52.4316014739229
52.43621598126765
53.029958535795274
53.03466758304588
53.10300821252399
53.13654566683186
53.15103798554448
54.860799843552904
54.87776499060904
54.896974760397285
54.9102806464129
54.91981943408898
54.929379619124894
54.94075433484643
54.95049210081838
54.95927173999093
54.966487702636975
54.97391232309365
54.9847178283252
54.99443610021882
55.00158868336417
55.00820513969819
55.01549491539975
55.02205785435253
55.02895457603934
55.03817976428503
55.11990194731289
55.14123141849332
55.15670634734916
55.32821459845101
55.33434065886716
55.34102785229772
55.345946518657804
55.35187849863853
55.358714170526625
55.36595086923658
55.37232124310986
55.37716218011695
55.38254241867254
55.388053822749995
55.397384619963994
55.401924854836054
55.406153867358995
57.064534630805944
57.07180143362137
57.07910917891286
57.087034194276676
57.09479535332588
57.10130175421771
57.11117392189887
57.11993227365957
57.12999545085523
57.13980801130823
57.149746053188025
57.157112672446786
57.163636967638794
57.16978762831873
57.17610854359306
57.18384258867253
57.191298889884195
57.1976353651851
57.22281777111538
57.233421655840715
57.242347049931084
57.25841321098988
57.26468847801014
57.271191544941765
57.729819665402744
57.74483137206162
57.75847052343471
57.77433317224886
57.79204700961139
57.809647995126994
58.096662828295834
58.10212086857565
58.11452190252161
58.12109926614692
58.143346306783954
58.148628914170295
58.15382626225681
58.160941418510006
58.1686162652412
58.17676758071062
58.185574733657724
58.19434454348961
58.20497822048993
58.76467037678185
58.77062751631265
58.7758202834095
58.899124436770805
58.90426147470482
58.91121289582467
58.91589541029789
58.98189715653342
58.9886468489004
58.99569043131465
59.00163109154323
59.00836478817399
59.01433757222873
59.021314352795585
59.02819510402717
59.039327845209264
59.044917404845734
59.05305795812865
59.05862759581758
59.09866796972916
59.112140247313064
59.117507118265465
59.123002908124796
59.129440390055855
59.134276718269554
59.139623783588505
59.146272618300536
59.16858294603067
59.17999384700117
59.19102641265379
59.20897929820101
59.215168208901254
59.221958527828185
59.22845318807138
59.23674250769153
59.24194572241228
59.24774678008271
59.251883860039946
59.25599878279646
59.26543402109454
59.271363496650515
59.35410716305525
59.38386092876246
59.882122797837084
59.887194189142704
59.89151390826196
60.313138331270316
60.318040934654235
60.32379990249061
60.32908445712837
60.33387204385076
60.338780576494855
60.34334939997965
60.3525125764332
60.3627124688165
60.36691881514865
61.14555088855109
61.152268000484426
61.16862822236415
61.17373676374997
61.17850969619378
61.186543304943015
61.20288137830829
61.207291792163204
61.32235151303141
61.32693001982057
61.333584995449115
61.340421768707486
61.344809482522976
61.34935593881314
61.358471450584354
61.363199185121566
61.36809964284376
61.82512707713967
61.83139711317493
61.835773910814616
61.842066472746744
61.84779325243611
61.8529718294244
61.85744648956411
61.862926666409294
61.86714831571305
61.87164585406401
61.87702145301355
62.10911440259501
62.12053181795627
62.12835151998878
62.13770511704514
62.1482498117197
62.16137834488589
62.17196976421208
62.18080525059476
62.19336125153031
62.21955138156778
62.22494681194752
62.23214945546113
62.23774299318297
62.24208539412795
62.28541294665969
62.291703727802464
62.297012745286175
62.311356700778525
62.31677221984705
62.32202174352917
62.327460398830866
62.33947608740466
62.34444874296363
62.34927668562369
62.355034117311114
62.361798909306295
62.36641899633361
62.370987446949314
62.383316462462126
62.38835209775096
62.393335586859436
62.51493447992524
62.5306270589997
62.537030202635506
62.57640191025209
62.58365607971095
62.58929764325358
62.600598596553375
62.61027838827838
62.615510766140815
62.62539736478039
62.630782849485456
62.6362376980602
62.79611581485087
62.801361874215665
62.807591185458556
62.81261971509805
62.817727539865764
62.823670626252536
62.82949476293783
62.834328651456154
62.83871158468363
62.848532486758586
62.85352114561978
62.92503811000738
62.948088308044916
63.07926934374024
63.08378542835737
63.08932729227996
63.20123728874235
63.20665256578822
63.212353284344516
63.77124614299613
63.7773966040941
63.8587646549194
63.86342550889478
63.86798671606677
63.87468462408328
64.66623188405798
64.73769039213882
64.75511628583057
64.99173160914191
64.99714808680736
65.00681347638422
65.01274239715912
65.01911338438538
65.0243163819438
65.02983174075986
65.03433768398992
65.0461659907534
65.0506300760005
65.05516509897944
65.06011205143578
65.06637067975039
65.07109580143224
65.07583199710236
65.08054488686332
65.08685553164472
65.09221519588525
65.09721382116678
65.10183385401481
65.10734952218611
65.11256204632544
65.11748866213152
65.12232683095624
65.12743873004821
65.1329090627503
65.13833967527238
65.14387316732707
65.14908406641548
65.15356303345655
65.15928207333364
65.16379325284157
65.17098118157163
65.17799382891754
65.18624062809822
65.19237668165138
65.19829001855932
65.20533542779505
65.21258484269208
65.22000624842767
65.22491538808963
65.23011948421481
65.23630999484487
65.24089013955411
65.24493738880791
65.39787746237366
65.40868814891213
65.41862235231687
65.43530837857288
65.44131556630134
65.44985164538078
65.45714723326884
65.46330156727264
65.46935009283465
65.47532224261643
65.48021877707843
65.48741570867804
65.49420154351456
65.50030988137203
65.5052910172508
65.51241450110697
65.51952973168247
65.52597720898764
65.53143412640884
65.53667929525957
65.54876720675821
65.55319136302063
65.55949283503641
65.56544952649517
65.5698484565319
65.57626251145517
65.58187436713253
65.59417188150115
65.59901310672966
65.60495046364339
65.60972368312403
65.74587672072184
65.76183982683983
65.87426282319782
65.88208618626773
65.88914588711985
65.8958161940114
65.90246057416678
65.90920732015235
65.91655216381987
65.9238858427737
65.9319443080829
65.93892795317558
66.26458635429843
66.2801221001221
66.42924598695427
66.43384068930332
66.43964921741055
66.44534879832565
66.62211419911348
66.64852092323778
66.93483865341008
67.02840740748617
67.04636806825107
67.0625917373663
67.48061352842736
67.523768707483
67.54139666962084
67.58441284904487
67.60363028505303
67.62087679516252
67.63906967504943
68.18000781406064
68.18722777450766
68.19386059622626
68.19898847428595
68.20655136316928
68.25740805386482
68.28047364961351
68.29432269329003
68.30212461795978
68.30849207964643
68.31516064712224
68.3215090649214
68.32800773328242
68.33577764363645
68.53498585789426
68.54177164873826
68.54826939640847
68.55587397612133
68.56278808300537
68.56998919525172
68.57733668742758
68.58465463560209
68.5894732136903
68.59457882300339
68.6018647517828
68.6069190903878
68.61193525793925
68.61774408652998
68.62550776610007
68.63200789558346
68.6393065302958
68.7412376797886
68.75085314859889
68.82769964435951
68.83303411989245
68.83952182989599
68.8440587848323
68.85321109086271
69.65651493072333
69.66205215419502
69.66729924201196
69.67770777876368
69.68326470762143
74.69442613500651
74.71085633660873
75.26048752834468
75.48814565843142
75.49422597244026
75.49911192395008
75.54236602053226
75.55072738552111
75.5582702027546
75.56634383186034
75.57359276169178
75.58165299574988
75.58880755897998
75.59594695333267
75.60391656901437
75.61087581486603
75.61695699439679
75.63004603680815
75.63776799857104
75.64523441585729
75.65197405895692
75.65642981062147
75.69336495099586
75.70032217507466
75.70643158483163
76.3523842740934
76.39026039545395
76.41287708416807
76.43495276744727
76.49295140197097
76.5085633488508
76.52392942286345
76.70417886065466
76.71191329886952
76.71884170712383
76.7256821944464
76.73242464873228
76.73818579578652
76.74632966239353
76.7528736053625
76.85219322676406
76.86053312578308
76.87965971640683
76.88939584106963
76.89872946373471
76.90670930745642
76.9159243327076
76.92558934509246
76.93449745205311
76.94315827651377
76.95100162595978
76.96193464819427
76.97536668608772
76.9875696768248
76.99652512958636
77.05490197467877
78.44864379007393
78.47968556713649
78.50596739269419
78.53785336356766
78.56161198469002
78.57958164195512
78.59721469783105
78.61754594000858
78.73480468140626
78.75428069873642
78.77018533302292
78.78816167299487
78.80324393255653
78.82069671271893
78.83780442782873
78.85528877343658
78.87233432221684
78.92954891203807
78.94706972789116
78.96464458758375
78.9825753555863
78.99800550289459
79.03180431415568
79.04783395176253
79.0637191400607
79.0795176062014
79.11275442198918
79.12934189125014
79.14760620915034
79.16656970774731
79.18291288078088
79.19762773052231
79.22395874222133
79.2401718132679
79.25765589569161
79.27437546882297
79.29268771501764
79.30878517234278
79.66423428096846
79.67166628889053
79.67820849048847
79.6864679289975
79.84131488721933
79.87078786771981
80.15386533804747
80.18652199852238
80.20989481206625
80.23316253815757
80.39741596403988
80.41410286386991
80.42990886085076
80.44681784406484
80.46440933784268
80.48239960522531
80.49713564213565
80.5134589516247
80.5306048983353
80.54678233561333
80.5648715479492
80.58110497673819
80.59559807388904
80.6108372917731
80.6437585277731
80.66129928426145
80.67768734304228
80.69455940599529
80.71179784856922
80.72859519842618
80.74433007895122
80.76065772278268
80.7786235264323
80.79531746031746
80.81241477262601
80.82972410290607
80.84688704584453
80.86305751229001
80.87898959926574
80.91044564527309
80.92652122178744
80.94220556025867
80.95746985543157
81.00470027045073
81.02057919915934
81.05130286305626
81.22542545936285
81.24057692976831
81.26243031544418
81.27921403068906
81.29667818299764
81.32546456738352
81.34008601775463
81.35683716034764
81.37266272151591
81.45352642862207
81.47072237979938
81.4871616676161
81.5053724005769
81.58564899315374
81.60445882710012
81.6210144906892
81.63780350863509
81.65341269841271
81.6716237674641
81.68721324744199
82.03330922927452
82.15679497115302
82.19955301566438
82.21242984191313
82.22657435580048
82.25514091350826
82.33225930702635
82.34780610943322
82.36499765229607
82.38248666662206
82.39948758603951
82.41706500221375
82.43305404827055
82.44980758145529
82.4656026194527
82.4825032597523
82.50043182845637
82.5177997022102
82.53443701354529
82.55171702733577
82.56828792454988
82.58487002862182
82.60221333814305
82.61936923114298
82.63456547732747
82.65041194566261
82.66597364428476
82.68159711123559
82.69710001639683
82.76701351969204
82.77168866157463
82.7768164987514
82.78147170001705
82.78570069431879
82.92022424832945
82.92782896740786
82.93399717581038
82.94493032780166
82.95135815158666
82.95876562972185
82.96646325230728
82.97337740034328
82.98258229857242
82.98895745814926
82.99531739169447
83.01003502000194
83.02137297324488
83.10313500556825
83.11073992359707
83.12343464984225
83.1393688960733
83.24404507421305
83.25999969370181
83.2952793353834
83.31022933179968
83.32605877981919
83.34441449906775
83.36270067423291
83.37895380374373
83.3926692487489
83.42176224192255
83.43813446692388
83.45713060963563
83.47368584405856
83.73542365177131
83.75051728039303
83.76697685774249
83.7825351370362
83.79851443154648
83.81436725531964
83.83150116279327
83.84958277960558
83.86658671101314
83.88428446838704
83.93111698976995
83.96886686666981
83.98308671524192
83.99975952167269
84.01647197421786
84.05124693897778
84.0671905593179
84.08368013872217
84.1200700837237
84.1379289173974
84.15376356839478
84.17018489103715
84.20110200364155
84.21735401970734
84.24621380902536
84.26505342411274
84.28145144233652
84.29840249603811
84.31483634897026
84.33151777397957
84.3655218184835
84.38098829604591
84.3963902694061
84.41391195405475
84.4320930822129
84.44932399420512
84.46671119588403
84.4818169905974
84.50814962477149
84.57572151008902
84.59214618585777
84.60859307468549
84.64215074428094
84.6584842993246
84.6733200058641
84.69276949644507
84.7120193245424
84.7311342741655
84.74713007678083
84.76544129852347
84.79914860358473
84.81711399635753
84.83244286311016
84.87906146325004
84.8835933334284
84.88814757577548
84.89266385780543
84.89876820443197
84.90854991711437
84.91343197809603
84.91929565818141
84.9247034485312
84.92927064375506
84.93359005666521
84.95073640155651
85.1161366917535
85.14219019957639
85.17002447458886
85.1914168916607
85.21274648990033
85.23181564764711
85.26092369723536
85.3043740620461
85.448070868771
85.46510886840251
85.48110172078505
85.49728947384305
85.5120742729402
85.52817644730627
85.54465824608027
85.56099025690864
85.57578372424715
85.59484558674781
85.61118342500549
85.6277691897688
85.64847369069955
85.6656930165818
85.69902469631836
85.71445381739046
85.73051715150096
85.74823492063493
85.76535376389752
85.78141952911409
85.93641370168032
85.96035571953179
85.98567671281958
86.00913649975037
86.15910834535836
86.19999702481466
86.54306234296172
86.55938841224564
86.59559007872814
86.6108833078194
86.64648826917171
86.66850444264131
86.67519809431494
86.68037271037544
86.68590702947847
86.69175887511756
86.69629628280221
86.70106941636736
86.70588325393189
86.71018450751899
86.73869963369964
86.75270187869168
86.79195480565181
86.80719310337939
86.82277484987851
86.83813253627409
86.85270511180241
86.85950119085072
86.86606465686063
86.87280576229657
86.87956472611721
86.90622486545575
86.91151961200643
86.94339004741248
86.95593027765412
86.96020916614069
86.98754460399176
87.00556136984709
87.02294672872708
87.04238278112723
87.06512483209346
87.08212598185618
87.09973874465064
87.1156327233736
87.13370993006619
87.15374665148181
87.46676735976352
87.49641634028166
87.50126595159767
87.50593535396494
87.51021811110346
87.51445529870718
87.51993906567068
87.52405452711285
87.54593522775045
87.550682890505
87.69538098030156
87.70063817128201
87.70731963972514
87.71286874925408
87.74297240772711
87.76515620555827
87.7808175887248
87.79675951945866
87.81271104618135
87.82945815633353
87.84226536505686
87.85646004828716
87.87110804561517
87.87534604953181
87.8810775324576
87.88671965335098
87.89201108591585
87.8963736272271
87.90138857249848
87.90723527440278
87.91251148509194
88.08359682569323
88.08976162088689
88.09413210813535
88.09854102369897
88.10355806633406
88.10948620475428
88.11369515583439
88.11921506647136
88.12605126820999
88.13169661146726
88.13811531284513
88.1442453453219
88.15045380871322
88.15688928864219
88.16318627375706
88.16924174230913
88.1749666464581
88.1824178922231
88.18799803370155
88.19339954985394
88.1989705761495
88.20408225482494
88.2097966717503
88.21505068723616
88.22060510942717
88.22595666343419
88.23462569776709
88.4645984902787
88.56381998748664
88.5817669964974
88.59614512471656
88.61194236180842
88.62597893003796
88.64672691827133
88.65294647615026
88.65771806125879
88.66446647537373
88.66978417595234
88.67633308495446
88.6812196982108
88.68612898405866
88.69212904425862
89.4988540238339
89.51655798107493
89.53448601662889
89.86590018466534
89.8721899364678
89.87973871070726
89.88591492020682
89.89177365895506
89.89700357805408
89.90328979914125
89.9088129477432
89.91442621073041
89.92058471007452
89.92706816108848
89.93312862602974
89.94246305869797
89.94839613953059
89.95428374753295
89.95871965445355
89.96308471714329
90.16428006107078
90.16880270268918
90.17373545753293
90.1791282157119
90.18486972074463
90.18914935606367
90.19908783224245
90.29064342790639
90.30465612338317
90.31021384001919
90.31874047909763
90.32574382686872
90.33267078764766
90.34458937170302
90.35008821522837
90.39610636039846
90.40111373215166
90.40548752315918
90.4100100745065
90.41443339859275
90.41957641672164
90.42454651737451
90.43119620829442
90.44734299563437
90.45523473730248
90.46309672165901
90.46847238858552
90.62375043144867
90.62884690039516
90.63406734746837
90.63895329935224
90.64393206756178
90.64912897814932
90.6549414281436
90.66010251297614
90.66636101024153
90.67230751339588
90.67705845768985
90.68330758015718
90.69598524025041
90.70964402271812
90.72219021857374
90.72728183186041
90.73309259686592
90.73890417949923
90.74621283674513
90.75223355350599
90.7570820583635
90.76300845671604
90.76791108710506
90.77306386605767
90.7796375815843
90.78716088548954
90.8148659537751
90.81970243006351
90.83214479747039
90.83799012237611
90.84483583513865
90.85014104523579
90.85536037419867
90.86023694709952
90.86527190935439
90.87128776251939
90.87693576142786
90.88226355546547
90.8947837477843
90.97396011215372
90.97969730311658
90.98560959135428
90.99082816414402
91.24489908896714
91.25042501986043
91.25557806416816
91.26205270688432
91.26755914246941
91.27240203949961
91.27842340065894
91.28339103048629
91.2874146525153
91.29259676110763
91.29784138280722
91.30314318599653
91.30824735849882
91.31304017019627
91.31781401660659
91.32199693006774
91.45436002443445
91.46138743334816
91.46872651393342
91.47549586009876
91.48166692280805
91.49000406827125
91.4963399452507
91.5014558951976
91.50839079630288
91.5209128262834
91.5269694513325
91.54056381517735
91.54732929480129
91.5525560299484
91.55779268741693
91.57003394564266
91.57753185790895
91.5832288475088
91.59222052522699
91.6036987770757
91.60868148677044
91.61427203005395
91.62062041792468
91.62606142972275
91.63750366124033
91.64252572621702
91.65500183753157
91.6615661540076
91.76487903745415
91.78399065171895
91.8068618428261
91.81272019579376
91.81998843012873
91.82565754967038
91.83740388151166
91.84236036212458
91.84729152951505
91.85310046485574
91.85925833115401
91.86414492293177
91.87416935837605
91.87957044683506
91.88834190068803
91.89477262668726
91.90171364448616
91.90648866283966
91.91125957440524
91.91598456664398
91.92151831199332
91.9266011593079
92.30670650981418
92.31357120917754
92.3202885418652
92.32664711393541
92.33387034697125
92.36223395105169
92.37888179277185
92.56228333029782
92.56788350100571
92.57261851972882
92.57719954648526
92.58145123994261
92.58568021831475
92.64121011230867
92.64759659187513
92.6529690456087
92.66067394179895
92.66590007594235
92.67685238525665
92.84355242869078
92.86052544077403
92.9131965441311
92.91891138668647
92.92410023976731
92.9389297585052
92.945084791084
92.95012006068032
92.95522728717657
92.95936545716931
92.96364993910257
92.9678224962933
92.9727820727438
92.97737068364617
92.98582680080429
92.99069661907161
92.99576548346468
93.03201850052191
93.13443288426483
93.14153291477365
93.14715275182142
93.15200363778727
93.33600366323809
93.36044864912492
93.38208951043899
93.41621560837407
93.63004138481314
93.63650000474503
93.64370405526553
93.65053329937541
93.65738019603236
93.66413312816766
93.72819702285464
93.73450458782595
93.74093331085943
93.7456549799407
93.75186719272718
93.75600547238484
93.7714713645493
93.97246276540926
93.98913662835855
94.00654541622976
94.02290936576652
94.05417491808306
94.12078389457916
94.12562352924921
94.13070010933097
94.13565173443784
94.14093521587058
94.14731962175851
94.1524227606373
94.15872388405896
94.16333771927152
94.1693126501614
94.1764261845089
94.1816539189454
94.19799790432468
94.21221066034065
94.21773520324614
94.22203225102982
94.22680009198702
94.23449490302015
94.2801775186265
94.29744663482795
94.39343764172337
94.4023378679825
95.24781136240794
95.26799422799425
95.29785712340586
95.32321995464854
95.42291092729445
95.44211167800454
95.45951338858293
95.52668643707484
95.6590388838033
95.67690917820292
95.70883053559118
95.71680174671857
95.72332804581295
95.72845029595598
95.73363311356654
95.73971039290772
95.7458712777808
95.75974122340627
95.76457383732158
95.77042495084773
95.77711651013468
95.78361266895635
95.79358823954718
95.79836576975524
95.80315628292054
95.8081250404412
95.82080391877734
95.82569194401927
95.83067266567464
95.83701680726222
95.84972243491853
95.85523259874196
95.86283770651119
95.86957282371638
95.87623408106961
95.88276118551853
95.88957511790008
95.89717556276787
95.90253704279857
95.90986185558948
95.91613988948144
95.92232098379677
95.92860260251058
95.93478496805587
95.94058345702611
95.9455604511691
95.9505145479015
95.9565550285905
95.96246071204105
95.9672320505162
95.97754921226567
95.98361458836416
95.98933924660048
95.99430176904382
95.99909701457715
96.00830318594753
96.0147085084148
96.01953691211801
96.10910430839003
96.15911469602743
96.1730262334819
96.21128145369615
96.2162666574648
96.22146303021118
96.22657936845914
96.23169043961673
96.23687286814287
96.2421911591096
96.24729389226911
96.25752000695338
96.28413916810506
96.31065592045067
96.31597895176859
96.32523394896631
96.32939449218587
96.33455695098554
96.33989042667687
96.34405136352676
96.35316441950778
96.38751999045233
96.40535487976406
96.44589595391358
96.46303030303032
96.47886268479434
96.65395408163266
96.85083414680051
96.85666114833623
96.86375984404161
96.86999607784922
96.87476901354937
96.87956014298096
96.8861227189916
96.89164898565528
96.90263745950836
96.90749845950798
96.91416303397833
96.92071084886224
96.92896431248195
96.93600601043632
96.94579964748594
96.95410252448563
96.96076403876155
96.968404252891
96.98356992351965
96.98983813701362
96.9960671868861
97.00252777213493
97.01357564996616
97.08630198027831
97.09646752879868
97.10597460750486
97.17230109002666
97.19238946679124
97.25489967974512
97.26469551370383
97.27962820127462
97.2933581671518
97.30594588181282
97.31819016010263
97.32789012377593
97.34143219907872
97.35388324449549
97.36609245465077
97.40313014948877
97.41852459234745
97.43409326451241
97.44997106219522
97.46577841876848
97.49258805032758
97.5062033490836
97.51317807058099
97.51888889738407
97.52813017210943
97.53498965947438
97.53951345146865
97.54401444844297
97.72461707790683
97.72983017101208
97.7353415709198
97.74172375771386
97.74601990853083
97.75213287288493
97.75747243499673
97.76174603978427
97.78839964185887
97.8013155483435
97.81895313681028
97.83739573073574
97.95941404501019
97.97306264172336
97.97909830400903
97.98427970871501
98.04024042788515
98.04491605954334
98.0495115554499
98.05422365724276
98.05999174037237
98.0759839637513
98.08253908611556
98.08846606223743
98.11281809250693
98.11968629474055
98.12622514786678
98.13211238518394
98.13718894654448
98.14420928942987
98.15187547241119
98.1584760831931
98.16595816374088
98.17285102761781
98.18009481427693
98.37320839085754
98.38054207846662
98.38545135685108
98.43623214745094
98.44174707607367
98.44740756178162
98.45282984126679
98.46929811074114
98.47516789806177
98.48113065705562
98.4877716563571
98.50946110960196
98.51511337868482
98.52003790570754
98.53095560562906
98.53748803905798
98.54357213007019
98.5532987392676
98.55916165739706
98.5648881479338
98.56949391630589
98.59577954499905
98.61303368966634
98.63091172224715
98.63717197485056
98.6425038293843
98.68760490290984
98.78168881214508
98.80198765521027
98.82037854180712
98.85523849938673
98.90475053535219
98.92355602937694
98.94000026853509
99.24254421768708
99.6546575296998
99.66044383146759
99.66548661458955
99.67243925999844
99.6834303702926
99.68894475235723
99.69364339436542
99.70024164809293
99.70460847328772
99.71044473961133
99.72068902780758
99.72614190232699
99.73054223128032
99.73619715003284
99.74131626405503
99.74577186172505
99.7501363779835
99.85393263307878
99.87082339339331
99.88483319114009
99.89039720470021
99.89588127944727
99.90067550812223
99.90578737131065
99.91086903635626
99.91560408482577
99.91965039173813
99.92896417658913
99.9339273822564
99.94071417596223
99.97220151019593
99.99103137803291
100.0116250706407
100.01687503533411
100.0228863859058
100.02882339182237
100.03433106575964
100.03917198694224
100.05008980104704
100.05613553778517
100.0633128304922
100.06811910963998
100.5514011866598
100.55793984793092
100.56239442750596
100.5691381562098
100.57607510130578
100.58336009608307
100.58895776431936
100.59438850612088
100.60709771207011
100.66113553959404
100.68159530414836
100.70254691947702
100.72567915502421
101.45016076401942
101.45797759787115
101.46576799590845
101.47360803896858
101.48228408001295
101.48874086333203
101.49429139562538
101.49982937945809
101.50687955203526
101.5122496299518
101.51714825328796
101.52201686161871
101.52734773739466
101.5315916540603
101.53777955593797
101.54193006244628
101.54657449425494
101.72505449161352
101.7377003114593
101.88692372444518
101.9142788784882
101.9394597925159
101.96160040414958
101.98703467729597
102.05936986207256
102.06460260675615
102.06905029810973
102.08059319727892
102.08635052891725
102.09234218565469
102.09643511294594
102.10150672117459
102.16122406454282
102.19325169008414
102.22439061704965
102.25655386139036
102.27624447200613
102.29203601111409
102.31075958209495
102.32575956298305
102.33033186436572
102.33466175411577
102.3412492611638
102.34756887152025
102.35368094759943
102.35995427112015
102.36610016543816
102.37113098383102
102.58614029818477
102.5940476690448
102.60381261595549
102.61314090711733
102.622844344023
102.77356385018146
102.77966324961712
102.78516476106233
102.79203501580115
102.79924845406701
102.80594789013834
102.81412163251208
102.82380700277838
102.83252070885104
102.83866223718948
102.84719520977863
102.86241940403868
102.87073235715185
102.87775742902694
102.88649293756197
102.89282471198254
102.89933205318744
102.90615429020545
102.91144653537054
102.91817744949657
102.92349325941991
102.92931594847315
102.93526962462506
102.94130612179126
102.94737317889607
102.95214637748848
102.9569194880128
102.96257591193918
102.96739406533796
102.97696318388823
103.01690405328799
103.02421565267954
103.02928364492078
103.04650344822288
103.05512643441216
103.0619081888535
103.11628495024014
103.12815878786509
103.13728120482303
103.14686056659507
103.16229260513336
103.16959535174689
103.17777170992558
103.26115369356948
103.26735697822055
103.2721256783558
103.27701823348038
103.28204836120233
103.28625161684582
103.29053801559498
103.29710991511877
103.305872026982
103.31132521607677
103.31664388219309
103.32867294467272
103.3347912823598
103.34185477722869
103.34665065372093
103.35151455172269
103.36526229835172
103.48666938775511
103.49452921918265
104.0374451152863
104.06256300615486
104.26080120937264
104.44160005668935
104.72520408163265
104.73866554118027
104.75733106575964
105.0303514739229
105.2086066433124
105.22508670478811
105.24377018943922
105.26228499586009
105.26730198734147
105.2714682864352
105.27714466305999
105.29273263058978
105.29705522184229
105.3011932330563
105.3217207916016
105.32590444035505
105.43189228615637
105.43761566261716
105.44383291586148
105.45132602019471
105.45804975285301
105.4643899022736
105.47097807389845
105.4776844877517
105.4844115424262
105.49105072074592
105.49926550484888
105.61910140522495
105.62676452107908
105.6343861051004
105.64202029083901
105.65122464703465
105.68675173661377
105.72433289444812
105.76837808456888
105.77488780365606
105.78120726472844
105.78684851948086
105.79206890554939
105.79637081757957
105.80283060448384
105.80921104884096
105.81459617218967
105.82003407559523
105.82533171231253
105.83125119463647
105.83566945972872
105.84064539322632
105.84494825766332
105.84930893562006
105.85435375464884
105.96997263273126
105.98712353610327
106.00636848790606
106.0108959523552
106.01576138391587
106.020548602817
106.03071120063376
106.0350657886013
106.03960797302692
106.0443957644926
106.04996928989995
106.05482766745736
106.0594606468635
106.06387015832645
106.07342422785871
106.08018393234
106.28054352872982
106.28816606477983
106.29307533859387
106.29800722763322
106.3255105439326
106.33146904997287
106.33740256810954
106.34288264803284
106.34992884358013
106.35529997803113
106.36055417851543
106.3668362878539
106.37211357963878
106.378785595166
106.38517726698682
106.3924461746947
106.39846295006777
106.40452355177574
106.41212671553289
106.41862325841156
106.42344086512054
106.43301088615979
106.43979607197224
106.44427238275048
106.44861037504374
106.45272598835841
106.45724309060273
106.46619983999149
106.47039639310546
106.47537144913498
106.62947915653429
106.6359120837067
106.6423423431269
106.6488063612271
106.65510958056946
106.66285812146182
106.67067685582134
106.67711262124502
107.23652409651383
107.24290487479878
107.24950765811664
107.25386199783907
107.25812462924016
107.26318837328655
107.26815784984876
107.27274282239821
107.2782315313478
107.55562415566607
107.57871728178452
107.60730634011875
107.94222238940587
107.94809722719498
107.95284109821732
107.9573629286981
107.96925838723072
107.98179359749636
107.99717259309442
108.01076218254627
108.02304394316779
108.03408246669893
108.04361473369838
108.05440178047068
108.08480265128941
108.10257135103397
108.1185004577982
108.22151623581513
108.2275565150895
108.23378210198808
108.23968830800948
108.27366550066385
108.2793132277285
108.28494159771486
108.2905450829041
108.29703382722954
108.30360356383774
108.30935201822128
108.31959080058643
108.32406853632429
109.2105137599091
109.21708592969564
109.22207728174759
109.22697432493008
109.2322272730098
109.23752378646648
109.24267488338658
109.24800527906963
109.25313551251902
109.26415301221006
109.26977933418407
109.27611486425866
109.28591791121498
109.32215850053102
109.33174587074814
109.42410836477532
109.42895003094195
109.43570841254832
109.44379382031713
109.44906049616688
109.45487032669742
109.4612320022142
109.47297367373906
109.47803442675848
109.48319949084198
109.48841978791476
109.4948261116351
109.50225110052274
109.51105743346122
109.51831980646448
109.52725391469247
109.53837663195179
109.54925988540654
109.55864865330382
109.56682398115872
109.57841054695022
109.58792712896678
109.59582090033007
109.60511218724336
109.61290348129701
109.61896080403932
109.632229910409
109.63830392442765
109.64329396690297
109.65001087875116
109.65654399339851
109.6631119215762
109.6821975742581
109.68762799911966
109.69433713309996
109.70033133294667
109.70730467689894
109.71384808961484
109.71999512592195
109.7266507978204
109.73339002449713
109.73832176179482
109.75185551181075
109.91668064216427
109.9770155312413
109.98643905340592
109.99840864381714
110.0085436598882
110.01868261929893
110.02877636854224
110.03795880099894
110.07501557137667
110.08178495948162
110.08979294629894
110.09933263936466
110.10762065182196
110.11801832023886
110.12827682613438
110.13640662562673
110.14461689718172
110.15624253472598
110.1677737042921
110.183207200377
110.19888775059752
110.22556714755714
110.24748971773914
110.53318831134303
110.5382872294756
110.54385867261894
110.5547979602343
110.56075020774104
110.56629840668009
110.5722403429637
110.57925870343722
110.58618505009093
110.59300215733172
110.59833636322821
110.60384726573675
110.60868987599174
110.61389814702156
110.61921657123388
110.6247250527087
110.63130640514095
110.63670734308067
110.84973916334536
110.8841012227676
110.91687186525641
111.25420957231644
111.26191654725726
111.27774483114165
111.28573981896282
111.29352553263767
111.30051262282164
111.30780152120967
111.35285196211665
111.37398713062888
111.39170924971198
111.40970800999543
111.42855134669837
111.43763919534778
111.44258539021699
111.44944410787403
111.45526354048815
111.46092330526197
111.4678047816637
111.47239536067376
111.47792826172304
111.4849941839989
111.48968429416641
111.49532920838426
111.50094767636747
111.52029979802086
111.5267530191837
111.5322255060847
111.5399671892485
111.54667606111147
111.55417812321495
112.27403671882516
112.29356539465029
112.31198898607063
112.59590368466918
112.60310324585546
112.61702739478613
112.62296986994032
112.63589180346165
112.83175206714756
112.8369373184238
112.84188438791782
112.84699546485261
112.85101992016622
112.85668951968664
112.86196343720094
112.90254977775945
112.92207130471236
112.94148265975694
113.09346631456326
113.11264621058342
113.29754632887638
113.35800017313846
113.36255098289944
113.36698465247974
113.54959999383708
113.55907871920698
113.58251593333634
113.64991666666668
113.65566105985998
113.73982722438565
113.74753643175396
113.75573006057358
113.76194117333618
113.77391652858277
113.77959306749473
113.78693168134284
113.96924280631794
113.99032716939273
114.20750632981672
114.22904879851866
114.25232960458166
114.27517652189081
114.29404799408348
114.31297025243371
114.33194038567393
114.46065060350956
114.468490270762
114.47773598963396
114.48640241304743
114.71574678934553
114.74856108097738
114.77207289343211
115.48898110317563
115.50977283848503
115.52766853408032
115.54732489626915
115.72831735470564
115.73679335093678
115.74571599385438
115.75532904580707
115.76578879170717
115.77598341751445
115.78634984014941
115.7969761677749
115.80580105779252
116.16316556837678
116.18603555152113
116.2127283034426
116.29308007999137
116.2991618690174
116.30460288355502
116.3092447960102
116.31536661225338
116.32187117471396
116.32690997465312
116.3315001172121
116.33760759752737
116.63811494225153
116.65163589047974
116.67209392040836
116.690794884689
116.7096025464797
116.72816568907207
116.7730192484322
116.78106635581055
116.78821234755473
116.79468838040268
116.80111439203992
116.80742778136398
116.81345194511
117.0371016146951
117.06464948820741
117.40992192241588
117.4274889271695
117.51415725610366
117.52500547599521
117.53319725904406
117.54153160997733
117.55109717251158
117.5604485972453
117.56946571124377
117.57752755680532
118.55756848072562
118.57694191506631
118.72488744129039
118.75300299209943
118.77813616270478
118.81026289048077
119.05877251421254
119.06476976804011
119.0732169898165
119.07976847954107
119.085841006724
119.09138944276975
119.10333177543559
119.16894886621314
119.4921990828847
119.497892360785
119.50280828783589
119.50710461584036
119.5115853654109
119.5160726218136
119.56509547719504
119.58604408164919
119.60523265709377
119.62473440819898
119.64396582032903
119.66019074707808
119.67791823289514
119.69551356415808
120.58129547766293
120.59869876155591
120.80334043496981
120.82886783142156
120.85445740200844
120.87311354002772
120.8926523076135
121.39140443274084
121.56247235519325
121.56780552284746
121.57305353241944
121.57829340431825
121.5835288591011
121.58832241580689
121.59426418461719
121.7616949766743
121.77809905653658
121.79360660503518
121.80673163658236
122.22916136480613
122.242563086676
122.24867000503906
122.25360096002127
122.25853055522596
122.26330334410089
122.32662167061875
122.34195861678005
122.35757231455194
122.55869463612704
122.56415841302714
122.57647165532882
122.58139239017143
122.9126722066072
122.92786262204112
122.95706658420946
122.97975883300639
123.65447098760862
123.6752339155004
123.69214694005402
123.71240640031868
123.73144807377172
123.7502380952381
123.76849385449594
123.78793204916613
123.80612198840797
123.83612133329483
123.85513259754275
123.87350195028107
123.89384278155708
123.9115439518255
123.93034520057708
123.94980110415713
123.97488979392135
123.99214285714287
124.04000907179689
124.06076051779937
124.07782619059215
124.47386165356994
124.49452586030517
124.51327219992639
124.55050878684808
124.56919477793461
124.58787261700105
124.69149506486612
124.69652553848098
124.70150690248846
124.71185545696132
124.71694582273605
124.72215546358404
124.72659391144954
124.73205936647956
124.73743921081724
124.74784533638388
124.77454934357284
124.77965615299605
124.78525565064737
124.79635195745487
124.83450831806489
124.85445748299321
124.9497419326082
124.98079676870749
125.01694559793769
125.20260348295137
125.2095332317603
125.21408758818673
125.22018521387561
125.49214770560386
125.49890230999496
125.50419037311896
125.51037011646743
125.51546605726973
125.59087289734131
125.59926563919993
125.60949781189834
125.61680358615183
125.62627247034081
125.63508450963116
125.64141363833039
125.64874594871799
125.6630578072302
125.86837005968032
125.90108551248353
126.01758946901579
126.0466032528209
126.05940214771684
126.06685484965934
126.07360080933698
126.08039228106898
126.0876995762504
126.09315268994894
126.10396893165908
126.11037651636097
126.12345596571963
126.38500571511295
126.4436595660162
126.47411509855256
126.49488893523558
126.541388122477
126.54651417117459
126.55257073267178
126.55843005086827
126.57185267857143
126.57812526136784
126.58296652403983
126.5879438125778
126.59305700614367
126.60439214776801
126.6303841470907
126.67001696009443
126.67459132749448
126.68017596339155
126.68613917768366
126.69246749827388
126.69731863767434
126.70748538817202
126.75502122216409
127.31974634298165
127.32403317767292
127.33155138477389
127.33621937541344
127.34085552532902
127.34514929400099
127.35126389839647
127.35754631340791
127.37090428646796
127.37639564580705
127.38137741050056
127.38828773795736
127.39598639455784
127.40218074324672
127.4081557503478
127.41364292362883
127.4248760092794
127.43151620653944
127.43798245833764
127.44237358905303
127.44681032189922
127.45537512577015
127.58156599370983
127.58925572433303
127.59780732805943
127.60701994684754
127.65471007124502
127.67366733035696
127.69360245196981
127.70830524995262
127.724660019058
127.78704849227476
128.33399361547524
128.34921601024718
128.364087112302
128.38304783763863
128.56651213571848
129.55388888888888
129.65833333333333
129.67838382580027
129.68344657387706
129.6898051639032
129.69528178326306
129.7016177890614
129.70629111308622
129.71109341955068
129.71583388273137
129.7206420986847
129.75600586907169
129.78652090338127
129.81300390523154
129.84412269526953
129.86707961952658
129.89021542826188
129.9133393674574
129.93037395158115
129.9638428041975
130.03131589350218
130.03816078007844
130.05072041265458
130.05730451475995
130.06402952219753
130.07128551630882
130.0772574312156
130.08283120829756
130.0887893527005
130.09501859527023
130.1009724584278
130.1072816167627
130.11407815362486
130.12077886352864
130.12728460785917
130.13395546875262
130.14019756930054
130.14692915260167
130.1535850276651
130.1600727889584
130.18411587530633
130.2204431755596
130.86517426521138
130.8706903632582
130.8854140050072
130.89085188717527
130.95443055835483
130.9585858221553
130.9641899490897
130.96830425718673
130.9740146271586
130.97977454910674
130.98950074002894
131.24965183409796
131.25678879147438
131.2654709983682
131.3456450175963
131.35003427906804
131.35617003085386
131.36024031018167
132.50876750700277
134.04711018024898
134.05485158383493
134.06267897290496
134.07020784873794
134.07852159391268
134.0880278342723
134.0982983432563
134.10652120425308
134.1230309161994
134.13142117351342
134.28507731299266
134.3029940400939
134.3214809129946
134.3553581585787
134.36178417349845
134.3693102593456
134.41487397909015
134.46274812072113
134.46807896267012
134.47354054453513
134.48006227554174
134.49092174139162
134.49705238796548
134.50761928147452
134.51297989397662
134.5184226278534
134.52455318679347
134.5306307248601
134.58242791051174
134.58924457094307
134.59730006868298
134.60544112239822
134.61311637280403
134.81442384465524
135.04568189771604
135.06513416477702
135.5183378781579
135.52529882393208
135.53376448825406
135.68943201485484
135.71082993197277
135.7621889985246
135.7749888208134
135.78033423415027
135.84396948159463
135.86003157408302
135.981138287376
135.98574555785504
135.98996270900167
135.99425737580955
135.99957721140046
136.0058749889771
136.0105661620008
136.0156796126206
136.02165324659836
136.03047018636073
136.03590270133887
136.04101756289592
136.0472376762977
136.05490863949734
136.06118510303557
136.06768419917356
136.16187983981868
136.17955253212395
136.19729695119102
136.36571850401427
136.37223875425246
136.3774056240766
136.38263732763818
136.3880613658712
136.39397348451095
136.4228846721699
136.42914550312386
136.4340640466512
136.43903996665486
136.44399450367638
136.45001797849767
136.46341386388445
136.4685558621273
136.47373883220007
136.48332293898073
136.48774156190802
136.49203140512898
136.4961695152485
136.504558278881
136.5088959113893
136.6107881947007
136.61758019919807
136.6268560507469
136.631540992276
136.63752674177871
136.64430583178776
136.64888598376712
136.65550951866894
136.65997589828658
136.6644089936347
136.66885271888944
136.67324037228477
136.67802933131426
136.682356043871
136.68776273998634
136.69214228802076
136.69650849569732
136.71418725432866
136.71877113819963
136.72518044152525
136.7294185774394
136.94944444444442
137.00655223654675
137.02653706032177
137.29575332795653
137.30717028558578
137.31151411274422
138.25488261007428
138.27821973233736
140.5729796546594
140.5913049081199
140.61030573438393
140.66022890908187
140.6810287328819
140.7122307235951
140.73397890469317
140.89041768876075
140.96874143701126
140.98686314188123
141.0026996766303
141.22243904448905
141.228986227807
141.23427117548866
141.24132651692295
141.24782984503747
141.25596892252463
141.4064058956916
141.48146756966418
141.4899954447059
141.49703676615357
141.50395792982644
141.51251819845538
141.51847356486454
141.53205444444103
141.53994252468036
141.545738829396
141.5507330359221
142.10909425176152
142.11574040855317
142.1217791274419
142.12768346341755
142.13278375824999
142.13787890626867
142.14296865928335
142.14896470376735
142.15367863439374
142.15786700664938
142.16191400737534
142.1729414545731
142.17824188208505
142.18262963447057
142.18697202920802
142.36908187853456
143.2512228166886
143.25733596523534
143.26917265976772
143.27562460040963
143.28178692590444
143.28878166414464
143.2957918016045
143.30224986471904
143.30962561448464
143.31783358511694
143.3247441217227
143.33024224125816
143.7693595333476
143.77466428627156
143.7798622432977
143.7854958482194
143.79065634867007
143.7959043373891
143.80080628577755
143.99015436662242
143.99443355764603
143.9995998499655
144.00543968253967
144.01127187987936
144.0715693085443
144.09263599429602
144.10793577013422
144.11884843947834
144.12991024652882
144.1421461160041
144.15200513004328
144.16422454983393
144.17113164839014
144.17987600803392
144.1875700107527
144.19771676313871
144.4288027540972
144.43410255058484
144.4402801553329
144.44561832199545
144.45161458540255
144.45771649736454
144.47106289855992
145.26020458631663
145.27626077097503
145.41388295360017
145.42030978745768
145.42755242552622
145.43472593647152
145.4411691831204
145.44776490174573
145.45450980801127
145.46197691518054
145.51122277875422
145.52622820906777
145.53851952551906
145.55085359999714
145.56545755118447
145.57815442877097
145.590405734079
145.60491074922882
145.86535408950928
145.87178375154585
145.87696351008512
145.88224894521693
145.8872066796702
145.89330005529428
145.89839953249563
145.90373173800293
145.908960425951
145.91453867300896
145.91961740288392
146.28395564390306
146.29258473492283
146.3013333555988
146.31184785025118
146.32036909049475
146.33084503848775
146.9459131609422
146.97550846721666
147.00959023316997
147.3854595068579
147.39073068619723
147.39595787957526
147.40589056779345
147.43658239240713
147.45627310812117
147.64822982956622
147.739834419324
147.75241543424067
147.76561997176987
147.7757735174878
147.78737178325645
147.79660209555095
147.8061246129107
147.94780819303762
147.96495924495923
147.98409911026508
148.22926587290095
148.2504572613851
148.26586423756336
148.28022598841181
148.30280719695284
148.32197691081217
148.33955217892077
148.3535570826408
148.3648849320507
148.51855415154645
148.52541153398295
148.5322129355326
148.53906838063506
149.61260435352574
149.63053270716068
150.15937728607616
150.17927739984884
150.19708229268477
151.48004557886526
151.48650572793318
151.49326606809268
151.50018196745546
151.5071088435374
151.51420453733002
151.56726645871618
152.1991423235961
152.23095124390258
152.23643981072146
152.24311731169908
152.2498262546637
152.25662741082095
152.262093987961
152.27037333274305
152.28177047704895
152.29805085708728
152.34044828773492
152.3572906933172
152.37538703360133
152.41280054786736
152.42961844462783
152.4494679502707
152.63848245920408
152.6510072506369
152.66144667731746
152.67155438356366
152.82187170766895
152.8272504149688
152.83271410162553
152.8381417439448
152.84435480737136
152.84958891093444
152.85647027395464
152.8639897328682
152.87027468374407
152.87724450582095
152.88952160974665
152.89568053672485
152.9019238422909
152.9096590887205
152.91490847685915
152.92013518104187
153.0422983817984
153.05827051006557
153.07757069839232
153.09478684637682
153.8562796674225
153.9025584516844
153.92130268463592
153.94110795284544
153.9587023294166
153.98054873422132
154.0995804988662
154.19552334513088
154.2039342403628
154.21218750973713
154.55666275181116
154.57263020552134
154.58725558593025
154.7223378413577
154.72734382119114
154.73251032154636
154.73668012571036
154.74107740401118
154.74540953181884
154.74961584564474
154.7543878901725
154.75945035979228
154.76592866471506
154.77367407256952
154.78033822658108
154.78598098838438
154.79166095504183
154.79678557494674
154.80264697749018
154.80930200332642
154.8138936314138
154.8263032754862
154.8327092561274
154.83917250803754
154.845546896431
154.85185962384062
154.85801368105527
154.86419748928398
154.87033438340998
154.9780410519186
155.03351298577374
155.04127720317604
155.04906267149934
155.0553394232195
155.06059756657245
155.06732950165764
155.07288141340973
155.07961148197202
155.08592091438365
155.09411745958081
155.11998917962285
155.12584694695968
155.1313265814285
155.137642472251
155.14437316806664
155.1654329416216
155.17159214136757
155.178273070503
155.1836750850753
155.18893447352477
155.1965779684758
155.20191779533872
155.2072372682697
155.2126000954451
155.21838223939437
155.22326356551395
155.22794623939313
155.2335174597553
155.240958072241
155.24902124912268
155.25678619328255
155.26154675543492
155.266175282353
155.27059228070624
155.27582977794208
155.28140167214653
155.28688960374197
155.29355447135123
155.2989129426762
155.3054522281688
155.31149133992352
155.31662826800698
155.32178643939773
155.32664913819718
155.33150325963442
155.3374039096125
155.34286760073448
155.34903924923833
155.36134522432985
155.36745740417865
155.37314758752944
155.37959107514283
155.38598975688993
155.39238739532053
155.39808898447424
155.40451695913887
155.4119919246976
155.41836674183784
155.42521137754744
155.437205943403
155.4423417934154
155.4503255942543
155.45616615843818
155.4620754419001
155.46846603106871
156.11299808815625
156.11906593406593
156.1249744950345
156.1349309420738
156.1512209048759
156.1744059416376
156.18166793317633
156.1868455427097
156.19327422375167
156.19852248813194
156.20326038206883
156.2084053250553
156.21310329138308
156.21727122441337
156.22141209961043
156.66037288989668
156.66576130592762
156.67113457301758
157.19517375292585
157.20024211215284
157.20521873156756
157.21027601257316
157.21647154016227
157.22275876959347
157.23026733523912
157.23805724953584
157.24580119853937
157.25085620759327
157.25607537676882
157.26144103622116
157.26629659901525
157.27234291505033
157.27745134594397
157.28168277250322
157.2863872496072
157.29291038676723
157.29928733826424
157.30532356125448
157.4627686282159
157.46896828683862
157.476136892607
157.48279501298944
157.48946027808307
157.49663295726802
157.50476690283824
157.5110142893136
157.51717044993754
157.52379086957458
157.53063688342502
157.53912423892447
157.5485095851719
157.556870316371
157.8466295467959
157.85138381875595
157.8588617943043
157.9082556302096
157.9275802103564
157.94718657432944
157.9601201107402
157.97334198990427
157.98368569895044
158.00056097120935
158.007417671271
158.0141480946204
158.01907147939124
158.02615337043906
158.0325874306012
158.0398472986984
158.04508792237436
158.04913513754695
158.11403580119236
158.12090551951954
158.12778383910356
158.13383448276167
158.14054930559584
158.14711510376307
158.15446232788074
158.1608701814059
158.16830835347162
158.1743591628657
158.18097800490918
158.18821818542895
158.25557506829963
158.27301187141524
158.3304528812714
158.34660257821378
158.363901593024
158.38110673602773
158.39789990983135
158.41579148413018
158.53634150315958
158.5436353746259
158.55796645153788
158.56312471545
158.568267765048
158.5731049866743
158.73964980842817
158.7461044406926
158.76095767195767
158.7674261274712
158.7726075150134
158.7790609902352
158.89979215462574
158.9316347340624
158.96111022872105
159.42590611015652
159.44300717043575
159.4866452196468
159.5046544933763
159.52034624171006
159.56921768707483
159.58714709310385
159.65890022675737
159.69376715873165
159.7260462585034
159.79927237397962
159.8157006802721
160.00338962587196
160.0231875607386
160.03791032265934
160.0963480434909
160.3010997732426
160.6256938439138
160.6346089831105
160.6390037602636
160.64452655809797
160.6489968930853
160.6540577004165
160.6595374883071
160.6636302571074
160.6963574552587
160.71189386348854
160.92170714030408
160.92584654135808
160.9382083140915
160.94298116340372
160.94896179910532
160.95600447278602
160.96091836710525
160.96701086353306
160.97266484824473
160.97987528344672
160.98595248693658
160.9929081878003
160.9978715361492
161.00411179138823
161.0111918528356
161.02558814224804
161.03135700330975
161.06556995471064
161.0886452023732
161.1134428689967
161.14583229813206
161.2196672099968
161.22597014759532
161.23180454237783
161.24203231292518
161.24794489155107
161.25274077187217
161.27108857864738
161.28376821356332
161.29655793941507
161.32931464727523
161.33650623640148
161.34173394366556
161.34787156990075
161.36424304742258
161.37247873451608
161.37842598801487
161.3853210471088
161.3921689749836
161.39918716384256
161.40725586562658
161.41586565389935
161.42380030762095
161.43058712731482
161.43755353136862
161.44591855927368
161.45429536694036
161.46166603950675
161.5223710910091
161.5442601293207
162.02007095038934
162.03409620308986
162.0503769376603
162.0640943452151
162.22749276676183
162.23364413741533
162.23931528625195
162.47788075170027
162.5078159292522
162.54022158304036
162.56194580662142
162.58813858485112
162.60883478701354
162.62930200693097
162.63990016923407
162.647376957782
162.6550547796315
162.6719623911991
162.67793258117035
162.68365237006776
162.68990996907402
162.69695861678005
162.70367381317186
162.70967542212415
162.71574991595432
162.72187579509452
162.72790863932252
162.7348241141317
162.73966533625514
162.7444385036531
162.7538262225668
163.21760434170886
163.22868767911737
163.47297030375236
163.4961179051337
163.64346573960768
163.6516062727694
163.66150535443026
163.6683405329601
163.78920473582355
163.8132070420761
163.83638274895546
163.86119221807098
163.90672335504473
163.91521378066545
163.92558344784135
163.93778685439113
163.9494261027613
163.9575682667433
163.96583375529318
163.97395625346934
163.98225737521946
163.99030338495393
165.1569182739732
165.16208590878117
165.1695231311729
165.17690090427655
165.18268595687672
165.1884800333936
165.19581860998923
165.20210266414668
165.20837357088908
165.21470499336834
165.21981046552546
165.2249874932663
165.2533831040154
165.26676958809415
165.28050576263593
165.51679402603597
165.52856945856738
165.54269306665608
165.55202981003652
165.5635680459311
165.5913718485983
165.60270080108188
165.61528276190927
165.6273645121507
165.63739073590168
165.64740614297375
165.65817136822739
165.67458736720718
165.69370078635743
165.7154384624953
165.7437538277606
165.77103632993573
165.81137843171925
165.84249371189617
165.86967707398472
165.96328595200492
165.96745768074672
165.97176146892946
166.00337604663946
166.00908111490722
166.0254077585443
166.0312518120612
166.0363150711218
166.04146333366643
166.0459793367468
166.0504471429062
166.05579231594965
166.06019137858402
166.06531903428038
166.07058624465049
166.07689957798428
166.08209910448835
166.09424699212147
166.09959529229064
166.1049360901379
166.11045744862673
166.1158141998193
166.12139920902095
166.12808193199692
166.4065067360562
166.41386366287665
166.42109596018074
166.4293819348905
166.4353513776528
166.44125076824164
166.44740354787388
166.45316956165772
166.45974713998925
166.46740736920034
166.47394184153293
166.48774538386783
166.49420357434386
166.49989214743886
166.50598792535988
166.5127256520301
166.52013700222156
166.53212570531718
166.537600091364
166.5487000735406
166.55436257550645
166.5596782387343
166.57069812202246
166.57552541462405
166.58013955181528
166.75287897787769
166.76582144575974
166.77284402408856
166.78188990538743
166.791297854566
166.7994406470439
166.81099651131078
166.89432122990448
166.90071249552452
166.90559899664638
166.91621030622775
166.9220064432826
167.0215792539074
167.02663186396683
167.03717131478797
167.04402983103566
167.0574875703271
167.0648962648478
167.07281887974824
167.07957589730452
167.08614447631723
167.09196944095413
167.0977880912343
167.10406745661666
167.1101244030985
167.1164890629939
167.1241538050229
167.1307197888493
167.403576670777
167.421578518388
167.42873466447108
167.43646842499618
167.4423926966266
167.44845509009434
167.45372673263273
167.4589650617166
167.46397253133497
167.46986213547055
167.47485167855288
167.48088928858053
167.4879919951705
167.49494415101148
167.5002515637779
167.5053452729245
167.51284306577958
167.5200485912416
167.52650962611278
167.54117422503907
167.547747037469
167.55482596833778
167.56077097505667
167.567222331889
167.57373384422507
167.59108922238337
167.59644263706207
167.60558091919174
167.60974191129236
167.6142228598321
167.61836103809168
167.62655121252297
167.63089123062872
167.63505222401457
167.63953048149432
167.64841911734402
167.6536851632739
167.65848900723796
167.67061791986367
167.67855133570853
167.68468593873877
167.6899508167433
167.69649085837523
167.70078076015767
167.7062760104953
167.71051275609076
167.71545454524227
167.90872251017643
167.91613067402852
167.92476162502575
167.93170310178516
167.93855999545158
167.94443529458567
167.95153299734932
167.9567178478055
167.96254685028174
167.96853665998748
167.97866121207707
168.07251243716752
168.09436421859763
168.1175224262143
168.22670275195225
170.54992219055364
170.55604838012087
170.56220820412636
170.5683720532238
170.57524186458596
170.58140883286052
171.01322580122752
171.0197853461535
171.02602324263037
171.0416242243607
171.04721318597197
171.05301450603582
171.05872257261956
171.06435486712513
171.06916971763707
171.07490533322786
171.0799690160153
171.08646335059194
171.0920725276098
171.10039865789904
171.10709956283006
171.11663897307065
171.12547706571192
171.1341461390264
171.14262489591633
171.15126973151192
171.78454997216735
171.79149064491637
171.79977267189105
171.80710295786264
171.81328464676133
171.81934817436374
171.82546472192303
171.83160673793327
171.83790986198065
171.84287169699797
171.84912658681267
171.854080811401
171.86179396414468
171.8692271755987
171.87441129206758
171.87938848030552
171.90230711167894
171.9303096869942
171.95375201907248
171.9804662831197
172.37316952098945
172.38015779177238
172.38527880119955
172.3955182869551
172.40686309989175
172.41122347140592
172.41773845447483
172.42310689545064
172.6653657689424
172.68302512142822
172.705716127531
172.7229713233984
172.74457268169908
172.74959933273956
172.75545844731366
172.75977023806328
172.77215896411474
172.7770564152457
172.7833609296892
172.79134832724208
172.81427146096533
172.8351480410178
172.8529625426576
172.87126171590657
172.87886950548298
172.8840089018032
172.88864303616182
172.8932835393669
172.89751217928008
172.9056754278857
172.90987023530604
172.9162587351739
173.071855671762
173.09169076902285
173.11158273155073
173.3670735992723
173.37355798358143
173.38148151830768
173.38830216176967
173.39477309074513
174.34620107548562
174.35419210593813
174.36417080182844
174.49616043891695
174.52107206157652
174.54507092402667
174.5703785565857
174.60055599299108
174.61117676086812
174.6162325226383
174.6223674698515
174.62859935963982
174.63496059496057
174.6403371974919
174.6455392341088
174.65231096400066
174.65846509055527
174.69216579705588
174.69882172789352
174.70546568018935
174.71217558062455
174.71849209244414
174.72449970227953
175.0447539443147
175.0516206543884
175.05984130642275
175.06696407524507
175.073464884869
175.08661592589203
175.09336664274025
175.1000771254138
175.1067935240249
175.11340890282295
175.1207506140944
175.12638435444055
175.132045344409
175.1415916730858
175.14718276809919
175.15234865382962
175.1588154487184
175.1652276488027
175.1720743767484
175.17817461720415
175.18389752879432
175.19121931624773
175.1968652307706
175.20242309581366
175.20793221800412
175.2141662601446
175.22039436195422
175.45321707313826
177.17960007675924
177.19121840462375
177.19969929081014
177.20821815897688
177.21748186712736
177.22439796859646
177.24719789313795
177.27413997161605
177.30092434716354
177.45835814017366
177.48079279651387
178.11508927873655
178.141696745726
178.16582199546485
178.18978784831805
178.20519421836778
178.224291335886
178.24761159307025
178.29280809813707
178.32419999306785
179.18477266857673
179.2122417521922
179.2391111758313
179.3279722976015
179.51113396681424
179.96339140936192
179.96976160737321
179.97633638948392
179.982616218556
179.98920523773228
179.99437560299967
180.00066934126826
180.00721407081352
180.01358502011914
180.01872082515098
180.02531334205204
180.03168649343667
180.0377934266958
180.04460277073747
180.05143504472176
180.05779831517972
180.17415767519915
180.22392488369437
180.2557548046541
180.2872894465123
180.6717873047324
180.6784063742835
180.68520625341262
180.69173099503877
180.7001465076608
180.7110740450026
180.72073319038557
180.7301712459996
180.74127582777538
180.89353708247387
180.90259065852425
180.9118179703894
180.92153585888835
180.9313144019286
180.94038923524036
181.31956107983882
181.32479545147018
181.33071932551812
181.33600882287098
181.34097298946415
181.34604006132204
181.3511678004535
181.35618825660723
181.3613459589257
181.36543740152035
181.36950738552858
181.3736972004113
181.37781111327536
181.3828357390427
181.38898655359554
181.41377094121228
181.71551029912433
181.72093352234816
181.72754413524652
181.73324576080512
181.73886675757282
181.7501530666337
181.75517798983634
181.76029423151374
181.76531381087014
181.7702543021911
181.77526391357716
181.78036814316837
181.7911419361232
181.7960514077423
181.80128421670088
183.07970635369938
183.08855125513202
183.09827133889078
183.1070895805956
183.11607515173145
183.12541600459886
183.1345932597891
183.28713320663113
183.3124532061481
183.33597048811333
183.3592693413405
183.37675554844142
183.395794228559
183.4110819978753
183.5426279367378
183.5609320471446
183.5765074525745
183.59396692221037
183.61140219558246
183.62721812641925
183.6328570954949
183.63847831716444
183.64465721945615
183.65008428410607
183.65641130915736
183.709560945151
183.72771286931868
183.73299215533794
183.73837832725093
183.7434992549224
183.74863208658314
183.75390085721236
183.75898911770886
183.76366007172663
183.76883258646575
183.77341128810596
183.7797475366171
183.78489329081322
183.79024710208444
183.79564378802186
183.80089358457246
183.80644732166513
183.81088000419692
183.81517497478393
183.81997012452118
183.82497196845617
183.83063388595926
183.8368029209945
183.84233260942523
183.84798271447278
183.853259659038
183.85836179530008
183.867498092093
183.87358699812754
183.8779747314338
184.26241752437764
184.27499781038748
184.28568218060408
184.29586673876588
184.52254032673676
184.53580756509737
184.7846732798004
184.80752840579046
184.82789953662623
184.84661931742733
184.92093140359535
184.9299646501844
184.94909933401888
184.95856045082542
184.9679485785302
184.97670877874958
184.98625259403372
184.99294941464433
185.000674480028
185.00663967878356
185.01208820360796
185.0168702092549
185.02193623148162
185.0264325011592
185.03169886247647
185.04781431180388
185.05881007634497
185.09805346286856
185.11327112925338
185.1287686557513
185.14259281316018
185.1620459204112
185.20247640304302
185.46964545434136
186.44062352851827
186.78530527254682
186.79117003752768
186.7982958008731
186.80366253915795
186.811604519862
186.81923756644326
186.82583791507471
186.83204789285074
186.84076772846944
186.8511149370292
186.85978617108992
186.86838368702425
186.87766023972944
187.0007270566219
187.03183476542762
187.16164002267573
187.22114079589133
187.2276108354877
187.23428472631878
187.24042139077852
187.24815668478226
187.25387498340191
187.260433585028
187.2653197970166
187.3275538427102
187.36871007028344
187.3790210617125
187.39304333071098
187.40630024529895
187.42434245651071
187.4305876551003
187.4368694936865
187.4418387948366
187.44759460426238
187.45451451147966
187.45912433540215
187.46418228962102
187.91222037667035
187.91931987688494
187.92581140200187
187.9343418597584
187.941165112036
194.96951776243313
194.99286483641075
195.07757073217803
195.09506633613896
195.11079634288993
195.35839742046022
195.3635606849539
195.36869180651487
195.37371381311058
195.3788239666544
195.38501355734363
195.39019803559034
195.3957448208193
195.70911831376364
195.7144144784804
195.71939421816955
195.94517452325954
195.95870214401012
195.976307022169
195.9987605402043
196.02010372670114
196.03546128242684
196.04974702627823
196.0674710363515
196.1030277800359
196.10852652042377
196.11349438285964
196.11858392827094
196.12376450259853
196.12913305534897
196.1343922090758
196.13864539792198
197.27577178170975
197.29776567621866
197.3185958342176
197.38841660551947
197.3963295898776
197.74700188167003
197.77419451218643
197.8525268331549
197.88203812883177
197.90914778767046
197.94313337441162
197.95214201605086
197.96335427610637
197.97456901927438
197.986158646795
198.18422475079186
198.19064182633923
198.19709641769165
198.20280291000665
198.56059114988977
198.57746207002393
198.59607709750566
198.61364141681761
200.44150936163084
200.44615617809407
200.45095514508552
200.45562769067283
200.4602606690885
200.4677552292827
200.47281656522256
200.4777482052463
200.48998058578147
200.49662548378632
200.5015120974409
200.5745517342224
200.5837242924155
200.59344131155592
200.60506379240994
200.61491503539722
200.6324337491411
200.6416885538078
200.64886404062622
200.65740263137877
200.66671511282925
200.67485916464304
200.68239140238714
200.6893265110468
200.6978122793431
200.7047061941062
200.71165855765787
200.71935466183126
200.7568610173622
200.7626171579743
200.81198731473341
200.81834541775075
200.82533046727391
200.83085025612337
200.8374872254496
200.84371371371373
200.85050230295658
200.85629557495363
200.86166663092948
200.88444757917637
201.30067827688208
201.33284975684845
201.3614322838758
201.39924347262715
201.41085466328272
202.17007511371264
202.1764490126951
202.2648547416935
202.28008590864917
202.29747525187597
203.70517810856563
203.7226685250808
203.74135805158062
203.76656649979105
203.8969285174137
203.9076873262746
203.916304134078
204.2516053759003
204.28472797652032
204.34514227755255
204.72804214881359
204.74089157407082
204.75734140426795
205.02961689810846
205.034851496154
205.03904239764393
205.0448069876284
205.14398120556498
205.14974816974492
205.15489163637335
205.15924773946224
205.16398399647628
205.17032807135496
205.1766047230267
205.18162769661626
205.41854997772825
205.44979285604919
205.47494173195923
205.4802380952381
205.48584952716797
205.49053879799524
205.7761455445703
205.8054480274403
205.83731586585787
205.8589768367878
208.52371197213546
208.91001200189686
208.93545611648167
208.95697892348724
208.9802722317476
208.9992826714882
209.3099886621315
209.8750149724399
209.881995185167
209.88877995602613
209.89624180724053
209.90298408041434
209.91047325413152
209.9211012743519
209.9318782016105
209.94427202175
209.95409793814432
209.9650076074979
209.9761825660246
209.98803826698588
209.99591335590054
210.00401759434567
210.01211333665782
210.0218245975457
210.03587380543783
210.05055597535744
210.06151632579227
210.07379231958123
210.08760171781427
210.29672749811036
210.32740463315346
210.8329837801334
210.83925733344392
210.8464842892024
210.85326169693533
210.85968021190777
210.8663034947355
210.8745826549855
210.88091284160257
212.42663817809364
212.431575591802
212.43782056798622
212.44292173169168
212.4470980269176
213.34484460568197
213.350008694547
213.36152565519163
213.37692984909987
213.56726462960216
213.60617998978245
213.6365118814002
214.35304612056578
214.3591165956646
214.36633422416585
214.37396966175194
214.42180651368864
214.44480248813798
214.46793958735756
214.50559971717632
214.52203903861147
214.848289811496
214.8655444867952
215.6115277237702
215.61792351912644
215.6314196899328
215.63884407243302
215.64519468055641
215.65153689373588
215.6585175094119
215.66604016841086
215.67469025174267
215.6830985173432
215.74463139603665
216.00998323272972
216.1252678979925
216.13369029742108
216.14245679638316
216.15044698982365
216.15804395139918
216.16496381062566
216.29734692854294
216.31727470140322
216.3445959506419
216.37405634157517
216.40305991512966
216.42989548074357
216.4569524791433
216.47880820789842
216.49794632706207
216.86898817170797
216.87419933052584
216.8785779095588
216.92632676821881
217.22363151756602
217.23928847961946
217.24640412721666
217.31147502907112
217.31874167546601
217.32537398910384
217.3318769559106
217.33840193965275
217.34478806231698
217.35260312175006
217.35925053756208
217.46604794817236
217.47823921102832
217.48897289936642
217.5018431731693
218.08258738078464
218.08946136711833
218.09639715504412
218.1041077011862
218.31439974058878
218.3224723070407
218.3306346774937
218.34040466050092
218.34852623521732
218.35666348615675
218.3645972921604
218.37341512622265
218.38233426704014
218.39095674183557
218.40169632677478
218.4091220896515
218.41978481821417
218.43374104470206
219.2652421887761
219.30446208112875
219.32200559623016
219.34053657144446
220.1784096757131
220.1847573395324
220.1907095418344
220.19657931932116
220.20363610078684
220.21064285019958
220.33660469371304
220.34481048534587
220.35167212564036
220.35715792404304
220.36353286276804
220.37007103791004
220.49470446747128
220.49940834408255
220.50555705699978
220.5121414876821
220.51926391327004
220.52619538655773
220.53281332967754
220.53958148586693
220.54688785455627
220.55381078765322
220.55998776527545
220.56710679438856
220.57349152359356
220.57982163234567
220.58731488333527
220.59473672585185
220.6024280792
220.61013559344244
220.61636474857377
220.62484489251153
220.63253386504277
220.64795047597718
220.7912335800989
220.80000590317366
220.8090824951465
220.81720284460638
221.07833194741445
221.1232142658233
222.21531132984097
222.2238711119928
222.23347721623662
222.24198395645038
222.25045935245083
222.259652236598
222.26668744194495
222.27748669505968
222.29004855617896
222.87097605005434
222.89387576595658
222.90612790426724
222.91825427468282
222.92922101668614
222.94177142313805
222.9532482691069
222.96488372866025
222.97445926461052
223.56125105715176
223.56936260325094
223.5809410786439
223.59096192094646
223.59973265535064
223.6084248066305
223.61589699035017
223.62653636239025
223.64204837490553
223.65759685204256
223.67022639500732
223.68949256505832
223.70867193192913
223.74675496576884
223.7530568635012
223.75825707635133
223.76444078706749
223.77065814064133
223.7781262351119
225.92324938805208
225.93899196366178
225.95615190596348
226.218846664636
226.22859820523956
226.23703188441002
226.2485704082709
226.28005889521341
226.29920249757177
226.36352710745246
226.37867744682623
226.39426754034946
226.41190360322113
226.53547879020113
226.5424332871972
226.55796282034922
226.56376823782347
226.5700053302985
226.57686477118017
226.5830140591637
226.59073547200427
226.59816580682252
226.6059723274168
226.61298215263116
226.6218049197771
226.63069929245944
226.63938673478506
226.64640398050042
226.65351008425526
226.66094327920683
226.66788587141644
226.67476674354705
226.68186643633263
226.68932109783796
227.0078125551955
227.02542842273522
227.35510340808418
227.37048784091746
227.38779086794767
227.56677928179627
227.58007953473813
227.59343568386214
227.60455932768053
227.614166028766
227.62378339822132
227.7455888973495
227.75222320911922
227.75736896004045
227.76393302168384
227.76911045256426
227.7744674677511
227.7806250697724
227.7859577586331
227.79127167722
227.79709855986658
227.826892802496
227.86050320242325
227.89398820498383
227.92293723024926
227.97020027314764
227.98830680500544
227.9976147930704
228.74180272108842
228.87212357108518
228.88906713989945
228.9064580603906
228.96512388443875
228.97213393554142
228.97901600912772
228.98615035133466
229.01567224489796
229.1249389778543
229.296490624363
229.31588202876534
229.32649694963604
229.33702429119796
229.3497182336505
229.3597495948255
229.36891081017964
229.37889292013662
229.3912688571574
229.39846713742045
229.40261897811334
229.40830369808106
229.4199133529547
229.42551102664456
229.43072177828722
229.4440906992396
229.44977599364267
229.46468699167264
229.90920467395404
230.04897059467075
230.0674553680705
230.09303208355357
230.22422333279127
230.22996577828928
230.23553852286014
230.24082769280915
230.24653663796522
230.2520774511496
230.25854912674694
230.26386936687413
230.2701239306475
231.02594851342977
231.0361959821223
231.04482591418443
231.0534864064997
231.28403624884464
231.31618117799886
231.34343544399798
231.36896418046913
231.52703928817903
231.5405297312947
232.83282667949334
233.53467977816808
233.55714121897174
233.57752541110477
233.59864918051613
233.61091259410674
233.61937148415927
233.6279761315634
233.63866891757473
233.64943050831442
233.65631975196948
233.66541448000152
233.67222441272548
233.67875630470186
233.96199476811967
233.9816141001855
234.00175020228994
234.0199550217712
234.1170751605048
234.1526321239145
234.16846491939458
234.183609568563
234.19251056250536
234.20139941780633
234.2098486975065
234.21763196045944
234.38739027767028
234.39501683762248
234.40254908881357
234.41203916031776
234.41943596459137
234.42726313392657
234.43433742746544
234.44889791339313
234.45479719612428
234.46199999391925
234.47009588470806
234.4759578771786
234.48499980252728
234.49429593841347
234.50239798222944
234.51136903508598
234.52028321540615
234.52926199243515
234.54703664101228
234.69264473874657
235.44255926086316
235.45011019389028
235.4570087223241
235.46609690101872
235.51680200713508
235.5339797741176
235.55746471352236
235.7308250160409
235.73827245837447
235.74501651280897
235.75188887668602
235.76026827156596
235.766763582439
235.77506928697406
235.78196548587945
235.79291791084196
235.80495261175687
235.81782065324614
236.31708900226758
236.3367632704096
237.5956024117132
237.60119166024876
237.60651195436876
237.6116933497537
237.6174467421498
237.6226909430996
237.62844694038225
237.72999179620342
237.74902723862385
237.76712471655327
237.78681519031824
237.86450046301402
237.87334409026383
237.88237783341341
237.8911349453848
237.8994884305745
