File type = "ooTextFile"
Object class = "PointProcess"

0
61.41755102040816
2608
2.8104168644201866
2.8202172335600904
2.828174603174603
2.8398088382639877
2.854648182505325
2.863405139833711
2.875042964554243
2.8858991801848943
2.9021797052154197
2.9196244760530474
2.937667015524158
2.9573599257884973
2.974768707482993
2.9840847247990103
3.0356269174336403
3.042148726157129
3.0487464741994357
3.0549312169312164
3.060462490551776
3.06739984882842
3.0733577992600547
3.128653933368219
3.137078431372549
3.143102427963055
3.1498544973544975
3.153599680309282
3.189162787922186
3.2061061507936506
3.2265192743764173
3.24356694941351
3.2545969903112755
3.2666340702947845
3.277452578915164
3.289879285047352
3.307473627132012
3.325341553287982
3.34350863422292
3.362218045112782
3.374832076974934
3.4246574125145552
3.4360326181754752
3.4472890400604683
3.4589103048626857
3.4708560090702947
3.4812536443148687
3.5186797682035778
3.536991685563114
3.5559891755444313
3.573673078426773
3.584352481733434
3.596337263794407
3.6500708616780044
3.6586167800453513
3.673379772000124
3.6823297937061
3.6939256392212054
3.705942904524994
3.717695285010556
3.730719855193539
3.7411163301299353
3.752402149265503
3.7647140337616527
3.776812220383649
4.062591625797605
4.069328042328042
4.075375021803593
4.081716553287981
4.087144956748132
4.092114512471655
4.0974580498866215
4.103360868156787
4.108259007306627
4.113267825648777
4.120173025732031
4.12683543893748
4.13339208410637
4.139366024187452
4.145383867832847
4.151039208932518
4.157436381960192
4.162895158063225
4.167918752406623
4.172431004922294
4.182910174822617
4.18828207287258
4.194006616345168
4.199868564709834
4.205824706694272
4.212217068645639
4.218884677680596
4.224540006478782
4.230371242514099
4.235918787267994
4.242714474678761
4.248848770277342
4.2547656840513985
4.261552506059895
4.266889246926842
4.272390726405504
4.279355555555556
4.311536098310292
4.317818952142261
4.3228676708778755
4.434581529581529
4.4407768157768155
4.446554820126249
4.4532978567771195
4.459692684091181
4.466406881593216
4.47296591553288
4.479643293214721
4.486426270991489
4.550560224089636
4.557229437229437
4.565487528344671
4.572171333649739
4.578736097613648
4.585299193751575
4.597309775762157
4.689695902170392
4.694960145674432
4.700065759637188
4.705593692022263
4.785109798305287
4.8040589569161
4.821118998323967
4.838450275348235
4.855458553791887
4.899829527048914
4.917647392290249
4.935812489098203
4.953465608465608
4.970875175467012
5.4552187541683335
5.47378292342578
5.508631897203326
5.514478760393046
5.52107619047619
5.526287981859411
5.530770975056689
5.537057489662531
5.542768707482993
5.549265063168124
5.555945902170392
5.560604256854257
5.567345319080013
5.706117780445512
5.72332461189604
5.741452965024393
5.9528647014361304
5.971609802895517
6.084081092754562
6.096931460756345
6.108077522675737
6.119188342003468
6.254681002344441
6.266106791923119
6.277583659726516
6.290501133786847
6.301791169297908
6.313464749536178
6.32460915275201
6.335462880804496
6.347304132537368
6.360182527223343
6.37182971601339
6.382147392290249
6.394022731043637
6.416075117877839
6.421376565118801
6.4279279354018035
6.434302721088435
6.439976494662906
6.446212808355665
6.508420126671358
6.520073834411813
6.531606663178092
6.543614112311591
6.594328857083959
6.614060928719313
6.750040438397582
6.767697219238573
6.785742630385487
6.803226433430515
6.89072940287226
6.900459993521218
6.910879138321995
6.922112798607815
6.940188964474679
6.951445956160242
6.962674564078505
6.974030416764406
6.986528992549401
6.9974068027210885
7.0083921485260765
7.019742664742664
7.031476387656512
7.041824881467739
7.054680567879325
7.0663590968302215
7.077792649527343
7.0882220160791585
7.0999623015873015
7.111402561024409
7.167726757369614
7.18674711154303
7.208581632653061
7.226594545225497
7.246933736457546
7.263790849673202
7.282741299418317
7.32750654107797
7.339489795918367
7.350981535471331
7.3629365079365074
7.375630385487528
7.386213151927437
7.4037057045040235
7.569789951068146
7.580856524427952
7.592054821928771
7.668421855921856
7.6863002417084045
7.704590806019378
7.715336685398797
7.726714766714767
7.737623049219687
7.750802721088435
7.76229429867185
7.773761904761905
7.784596695821185
7.796140265630061
7.809403817082389
7.819974135487528
7.830477657729759
7.836442495126706
7.84335122197027
7.849152179390274
7.854768990929705
7.861384964242107
7.866670252146442
7.8736162464985995
8.009068310657597
8.020022182786157
8.030960989334005
8.041946040552142
8.054006519274376
8.065009805724092
8.07776207919065
8.095339263910692
8.107831339432325
8.119138321995464
8.130848776292126
8.141991373869136
8.153839112880926
8.16501342033412
8.176790867862298
8.187278155706727
8.199722537163012
8.213371882086168
8.225007273349592
8.235605946082137
8.24731118088261
8.258726379440665
8.269485886308548
8.283045596617026
8.29414405608987
8.331501457725947
8.337103384563703
8.343857515608983
8.350192365835223
8.35677097505669
8.38365720201124
8.39366934652649
8.406398669357852
8.418341034527018
8.429636546442476
8.443353174603175
8.452955849006269
8.464356261022928
8.4747848324515
8.868197278911564
8.879401479890202
8.891435839292983
8.903307920869498
8.914486016628874
8.92694818352873
8.936852827152366
8.990900730662634
8.996662585034013
9.002902494331066
9.008357600350081
9.065229885057471
9.071934523809523
9.077285670678528
9.083926194133568
9.091763635278673
9.096582092296376
9.10137080228917
9.10730199222546
9.113425209164125
9.118917840945903
9.124568429522347
9.130636782076014
9.135655976676386
9.141537773003938
9.147743224273835
9.15157454648526
9.157237811791383
9.165533437418683
9.168299021362932
9.176847290640394
9.179997732426303
9.18643365392134
9.195358741787313
9.200531921688864
9.20544130472702
9.483093237294918
9.501286289163554
9.519300831443688
9.53030398322851
9.54201530612245
9.553147868200778
9.56405389105997
9.668133943232466
9.708950712360416
9.715519155030432
9.720616641214308
9.725722924090272
9.731015873015874
9.73823406399597
9.850856524427952
9.860290607471057
9.868905265810028
9.87876488095238
9.888507701931347
9.899770562770563
9.942122797837083
9.949869154869155
9.956512795594428
9.962112622826908
9.968484709198995
10.023211029092488
10.029339311482168
10.035175018364153
10.040262151237306
10.04421512691098
10.131210591763587
10.143375850340137
10.155157029478458
10.164818594104307
10.332185862850887
10.35021904761905
10.391998904430686
10.404433906896092
10.415924716553288
10.428435889507318
10.439341005808716
10.450360776789347
10.57550612244898
10.587135770975056
10.598996808599983
10.610316638732789
10.620431538870692
10.635579710144928
10.647142066128778
10.657409297052155
10.668492630385488
10.680882734046
10.691836281179139
10.701594901696941
10.71332661867336
10.725301557852578
10.735905557028007
10.747067401673315
10.758171114599685
10.770621693121694
10.782925709966527
10.792529647874476
10.804637526652451
10.8160475718065
10.82876821048054
10.839084802379732
10.851960879589932
10.863392258311777
10.8750288845697
10.886652809271858
10.899455615579566
10.91259410430839
10.983748875211461
10.996039406753692
11.006246811224491
11.183158894079721
11.201197870452528
11.213881719354408
11.22588759313249
11.230830051318774
11.235896258503402
11.24140529896169
11.248533834586466
11.254342403628117
11.259683956916101
11.266141926856212
11.272256235827664
11.278221985311538
11.284654886344782
11.29035842781557
11.295942028985507
11.30242109456395
11.31078498065893
11.316174981103552
11.322364381650097
11.327078698145925
11.331963970773495
11.338111523397238
11.344869614512472
11.34920045351474
11.356712599569743
11.398996328690206
11.410417439703153
11.422833974169377
11.434263404286446
11.445705467372134
11.460106163677592
11.472555339596155
11.482969104308388
11.493523557571176
11.506956123814987
11.516581879128463
11.598592687074829
11.609640022675736
11.620657272432782
11.633368332840384
11.644673504818595
11.657797837083551
11.6679829223356
11.678723594701038
11.910704493918779
11.91744510812455
11.921207998350855
11.926611828404832
11.931778819635962
11.937499370118417
11.942853638425067
11.947554964014591
11.955040728265416
11.961421768707483
11.967540908255193
11.972700326884
11.977289871504158
12.001722990271377
12.018025510204081
12.035937109537693
12.053848396501458
12.140192743764173
12.15715230536659
12.175262500480418
12.188138216526921
12.19957725947522
12.210109898744978
12.221485260770976
12.23254472159234
12.245675736961452
12.25660957240039
12.269090354090354
12.281172920781216
12.291202179796649
12.302753968253969
12.313802721088434
12.325565038136466
12.337737477829416
12.385945403802546
12.431192220477936
12.441478174603175
12.452600433208108
12.465137217280075
12.475105375483526
12.486291344123856
12.497385855242998
12.515786229643373
12.533281460076655
12.551153846153847
12.569066893424036
12.580510204081632
12.591539949313058
12.602822684629407
12.614116888764638
12.624643235071806
12.637846412374474
12.646802590768107
12.658119647859145
12.670672108843537
12.681460965338518
12.693360868156786
12.704882598200571
12.715955869527297
12.727603071531643
12.73993066457352
12.7516516776202
12.76520836007359
12.877385912698413
12.888457596371882
12.899160187884679
12.910236912156167
13.008354846211988
13.02015289925494
13.033635596082405
13.042595742000504
13.05609126984127
13.06720318580107
13.077144191009737
13.090137600494742
13.10000180748628
13.111265823914868
13.123581967998467
13.135216304015696
13.146578452519218
13.15748706320135
13.168869401927438
13.176012053944385
13.195669853526997
13.202368436552112
13.20916509196271
13.214598473535757
13.220117015359603
13.22627135298564
13.231807740908067
13.23845738295318
13.243076814058957
13.249247276146232
13.254874878522838
13.261071428571428
13.266338918283363
13.319435760119651
13.32616366123169
13.333409171075838
13.339684684684686
13.346345054453707
13.350417114214105
13.357157974300831
13.36344281462585
13.368693950698558
13.37510549147195
13.380194284833676
13.386831709260282
13.394376032899034
13.40161148904006
13.407307160152197
13.413269422418649
13.420061340775627
13.427688472649333
13.449624966869864
13.467839731130546
13.480487528344671
13.492857142857142
13.503478566029587
13.514032999164577
13.526189048458889
13.538206315107496
13.549576955782314
13.560909234063995
13.572646094582412
13.585419024752758
13.595334582812717
13.639108431251287
13.64606448213088
13.652572278911565
13.659363964164902
13.666511045278327
13.672799733650074
13.843420561773097
14.099485706851047
14.111124872340794
14.123289399092972
14.134261920730733
14.146099037017404
14.158730158730158
14.169873463788809
14.18823098608813
14.205819418676562
14.224260004471272
14.346201049708272
14.364791383219954
14.410489352829254
14.42357709750567
14.435328356450805
14.44504224847834
14.456577533577534
14.471419515395256
14.480324519745006
14.493525883287788
14.507225623582766
14.518650648293507
14.534690990267743
14.544646017699115
14.556761148904005
14.567766156462586
14.579599700095093
14.591276034223213
14.603198811055954
14.614864417989418
14.62443822315251
14.636329147043432
14.647329162117522
14.658359468081017
14.67117763571292
14.682476808905381
14.696133786848073
14.70532442019712
14.718156165893149
14.730187960600908
14.94493231123295
14.950364856325043
14.957149526477258
14.963819853867472
14.967011337868481
14.973825484886513
14.980695513177949
15.021337046896054
15.027851976233531
15.036315192743764
15.041596578025148
15.04776339391478
15.055588514475557
15.076370395152596
15.088106009070296
15.100995842781558
15.167521625934324
15.179635702556885
15.190383082525939
15.199778641615376
15.213074721952273
15.223967024560828
15.235630601446928
15.247720379818594
15.260866537091026
15.269879555687009
15.28181179138322
15.292607360893074
15.715449823340188
15.726966057256236
15.73908423478681
15.750575599287334
15.762598138822629
15.774275888133031
15.785425440017276
15.79760460348523
15.809640211640213
15.820857898715042
15.84225529100529
15.857498022464801
15.866480313337457
15.877837955695098
15.89110708799649
15.901386814888557
15.912897959183674
15.924223985890652
15.937407911312674
15.946940059042486
16.08489692846836
16.0901004769724
16.09644368858655
16.101414210128496
16.10808457711443
16.114203993285628
16.179897301915936
16.193047052154196
16.20456261022928
16.2164507697816
16.227487402368354
16.23955665528014
16.250888510959943
16.26420431854334
16.27547337943442
16.28715029761905
16.299046503847443
16.308288439955106
16.80886236813566
16.81990656032528
16.830531736504128
16.84265381708239
16.85479875283447
16.866784746418894
16.878712537223727
16.887102364755428
16.898830980420843
16.91254903903309
16.923987349325696
17.001755710414248
17.01370202933494
17.02392970521542
17.036524733350134
17.04909043219278
17.06091956080678
17.071908096571963
17.084272267046355
17.09614998380305
17.107232750242954
17.119174079888367
17.13022953237239
17.141762768599506
17.152839326206678
17.16421231650555
17.17551700680272
17.18790504934368
17.1993031571603
17.210117157974302
17.221843298722998
17.383818762072732
17.39557666744859
17.408966192537623
17.420096510148777
17.431231613589393
17.606818419675562
17.619059426879563
17.629389233954452
17.641149143201588
17.652076002814923
17.66358055417289
17.67473948476634
17.68690821256039
17.698551406378154
17.71131403581841
17.72111074537342
17.731578422533673
17.7445104102247
17.75659719368732
17.76592463935929
17.78062358276644
17.789293108547767
17.8008868425419
17.81245488805851
17.823764255093767
17.83524118738405
17.84748931000972
17.85745691609978
18.010745059928738
18.02818950437318
18.0460975759813
18.30055541294086
18.310281330309905
18.32165725409661
18.332656447860533
18.477676164805544
18.489968774395006
18.500731243221928
18.509448910877484
18.521298658352233
18.53310260770975
18.544814959062506
18.603808106575965
18.614917640011985
18.626392235609107
18.637364381650098
18.65097440258155
18.725487221915795
18.73684459805428
18.749256167113312
18.759880344995143
18.772571458407928
18.78441081845844
18.79479024943311
18.907058544629976
18.919061476442433
18.93088837685612
18.939894049573855
18.953509070294785
18.965213358070503
18.97805114638448
18.987426990998422
18.999354125831125
19.012092220346787
19.02267155985201
19.032937429714433
19.076643708893176
19.087965048088204
19.09894737789296
19.10846663427276
19.229857142857146
19.24140542975181
19.253369026622998
19.266326530612247
19.28444228485045
19.35803336572725
19.366670445956164
19.373667446145124
19.379119823367947
19.384859536407156
19.391357304826695
19.3976443397872
19.40350793650794
19.408895514915926
19.415132990132992
19.42179540057493
19.549168678223978
19.556962497819644
19.56197116942015
19.568150982615272
19.574007936507936
19.578697788294065
19.585104408063593
19.590389455782315
19.596477400776266
19.601979353144767
19.60724628626961
19.613569351404685
19.620024565381712
19.628394518727035
19.633106575963723
19.776287637417838
19.780386141636143
19.786140441683923
19.791392869204422
19.796373958033918
19.802332812906585
19.807669164284075
19.812259070294786
19.81791785531417
19.844628684807258
19.8626619425548
19.880787711910166
19.892074519305442
20.433972873099858
20.452299783549783
20.600785147392294
20.61247994069423
20.62528486394558
20.6368260026657
20.647726127488035
20.65887755102041
20.773084467120185
20.786481859410433
20.79591253644315
20.807245869776484
20.81961132025626
20.829449150729477
20.841986926457828
20.852320585892016
20.86376302211706
20.875709426627793
20.887837188208618
20.898939393939397
20.91448475686571
21.065400226757372
21.07150460184074
21.077072213500788
21.081934240362813
21.09927509400385
21.104585295656726
21.1096697845805
21.11629562936286
21.122252692743768
21.127895714987027
21.133760801617946
21.13943436633913
21.14484544695071
21.366086825005116
21.38771946873988
21.406751127417262
21.454001763668433
21.471611832611835
21.483469815599197
21.49423305618544
21.506189531368104
21.51759606545321
21.52987803202089
21.628117386489482
21.639414897272044
21.650771604938274
21.659862037224134
21.6712379987456
21.69273497413947
21.702526994924956
21.712850012857377
21.722684586029537
21.73284519213091
21.745624495008734
21.758972303207
21.77184807256236
21.783923232723513
21.79279961367263
21.803833678398895
21.817564467647525
21.82873696145125
21.839433106575967
21.85208627787685
21.86151513515459
21.873386459345646
21.884387755102043
21.89527129899579
21.90756361803981
21.918554249982826
22.049432715614984
22.06046189490289
22.07182472989196
22.083281004709576
22.11777636054422
22.123340310483172
22.12901493930906
22.13595793419409
22.14303837432409
22.15011402045095
22.157093861354067
22.164218305504022
22.209733290141454
22.2767749321951
22.285651927437645
22.296414768806077
22.307543934240364
22.31697278911565
22.327788333724296
22.33759410430839
22.34811806500378
22.35889739229025
22.367148936869434
22.48605514546244
22.49821340907497
22.51070037792895
22.521472094214033
22.533330183925425
22.54762656066443
22.55912010497083
22.572089201877937
22.584287264066297
22.602270955165697
22.620157218442937
22.63730179344465
22.65531110004978
22.752178130511467
22.760021934007252
22.766521335807052
22.77201666173716
22.775546485260772
22.87297214123745
22.886505614293913
22.898872931888807
22.910000164316937
22.92044784580499
22.93235088238194
22.94516731016731
22.955887377173095
22.96992194313623
23.022977580969496
23.03385582010582
23.04662677416646
23.073197278911568
23.085970933828076
23.099331314943562
23.117376155590446
23.303751774853247
23.315619803476945
23.32754073234232
23.338891778933796
23.36188528402814
23.37474941388985
23.38675278622087
23.39737569423905
23.40896479495753
23.41926855426856
23.429426527812772
23.43934042400029
23.44969324766944
23.459620121732907
23.54908143717257
23.567504638218928
23.584807378148394
23.65230158730159
23.668688246834314
23.687946137359056
23.704409147306723
23.72292517006803
23.772410714285716
23.77789947089947
23.781998150137248
23.78773620559335
23.792970521541953
23.799227405247816
23.805816907959766
23.814241029745233
23.81715323688161
23.825385059684255
23.83041765005322
23.837135449735452
23.839758487870036
23.845088316028168
23.856750566893428
23.863503401360546
23.869411611866973
23.874742212674544
23.912244897959187
23.929727766564504
23.948637566137567
23.967166145737576
24.184656462585036
24.19648633488483
24.20796768707483
24.2473035421065
24.259892290249436
24.271171831695643
24.284009394233884
24.296090115058373
24.308495013181425
24.319531788023852
24.3646559446824
24.37413622239019
24.386210963917733
24.39605119942714
24.40815226588148
24.42001055594652
24.432669831821617
24.444274376417233
24.45364186809476
24.465180674420306
24.476776632983295
24.488146591970125
24.527682051723644
24.541144179894182
24.55225690276111
24.564586167800456
24.575970562399135
24.58666925249632
24.5975845127323
24.609008946044174
24.62060044425934
24.756457725947524
24.769111209701272
24.780901820187538
24.792322501816265
24.80368140589569
24.816530139833713
24.82796861970595
25.056616194865043
25.06992657380413
25.081300784202572
25.092886186438047
25.104086167800453
25.11635278672873
25.127006734006734
25.239829176114892
25.248632786447917
25.25995192169695
25.27171447695544
25.283462919843554
25.295059178142804
25.306941137566138
25.319928733398125
25.375048931853446
25.386857466796243
25.398433408919125
25.409836638880908
25.42104256854257
25.511580498866216
25.52299766371195
25.53416318334563
25.560725750974548
25.574092293633875
25.580601953601956
25.58699404761905
25.593356318848123
25.60040884353742
25.606782186067903
25.613466076696167
25.619812216553292
25.628971088435378
25.633328972614688
25.638240332168905
25.705078535479235
25.716372754229898
25.725390943344756
25.73839988169181
25.74883749055178
25.762937295288488
25.774466321739965
25.786352834467124
25.79867862296434
25.810354637979223
25.82036872720103
25.831118689900205
25.904614910291603
25.91360610911031
25.926280306994595
25.938715811759145
25.948070417356135
25.959816494499037
25.971194599051746
25.982586856171043
25.993429495254894
26.005939660417013
26.249762706429376
26.263492378432854
26.276394893263024
26.334917626914713
26.347309727309728
26.357666353897883
26.369177374653567
26.379094230284707
26.39136003350289
26.58709212018141
26.59580517762661
26.601794769855996
26.607430485196442
26.613367562898176
26.638678070261925
26.65680762852405
26.675880255716745
26.826645842010276
26.839801240223984
26.851485857500897
26.864572261953217
26.87538334830788
26.88476190476191
26.898324597598602
26.92034175574992
26.93099107367815
26.942874779541448
26.954567591139025
27.008131771227013
27.016921940493372
27.026978021978024
27.03981455190772
27.05186678904366
27.064868122687674
27.07480274547095
27.084719556290988
27.09602900930487
27.10478019164655
27.117176015060117
27.12802939124368
27.13995925842865
27.147999636068423
27.15937132480111
27.17522932443418
27.18473903011497
27.196537109225716
27.250279127524024
27.268205579850992
27.286651176902687
27.330563862508704
27.342535259966873
27.354491055681535
27.366120181405897
27.37778734410431
27.388525711359815
27.417731507017223
27.423278911564626
27.429812265991668
27.434874203649716
27.44238464951198
27.447266373215957
27.453790428452088
27.458610532648436
27.46407340714064
27.49231531208975
27.498450200593062
27.503910501700684
27.51037956091528
27.517203050917338
27.52295518207283
27.52811009461256
27.532821617535905
27.580110813181722
27.586681043551444
27.592811791383223
27.59806292517007
27.60450113378685
27.6103721340388
27.615890652557322
27.620828798185943
27.677272806558523
27.694833475056694
27.712323658352233
27.78123232626384
27.941895943562614
27.95242504409171
27.96422335600907
27.975868709240807
27.98712595341167
27.99785007192842
28.04838300399525
28.054273709483798
28.06103458049887
28.06695865359131
28.07312026697472
28.07851292517007
28.08438282559401
28.0908742527314
28.09599001800033
28.30109572400389
28.313268564130635
28.325148809523814
28.33778911564626
28.499331868440596
28.511092844545225
28.52244410584747
28.629100025195264
28.642079983508555
28.65326607915894
28.66308547891731
28.674032762530302
28.68501395429967
28.69901593115879
28.81755232147504
28.835496106731938
28.852990105132964
28.865354090354092
28.87763875391427
28.88891764435243
28.900840669601177
28.913104430961578
28.936176555010192
28.943294150993733
28.94960559796438
28.956296145124718
28.998957521940074
29.010234693877553
29.06834065934066
29.074449284587132
29.080337698942508
29.08604611797771
29.09193536411615
29.09853674803255
29.105159547302407
29.112153582153585
29.117847880936413
29.123573048266927
29.128596308893933
29.134592916531695
29.20148423005566
29.213598639455785
29.223929270338274
29.235383093978335
29.247482036991507
29.2582599914966
29.272560213274502
29.39241368848009
29.403943248532293
29.417108843537417
29.428521640540275
29.438965919701214
29.452155139833714
29.461186696900985
29.472720511933588
29.629791334973707
29.640988542785536
29.683981722442898
29.697432369975594
29.709189480670318
29.719358950787523
29.730167455185097
29.741101297661924
29.753750546089996
29.76489590586891
29.776608790803145
29.787466099022392
29.79956470895514
29.81138150209579
29.822810085686193
29.83379834341144
29.844425717852687
29.90783530078698
29.919571367696967
29.931585346782395
29.94262012741605
29.952821520005852
29.966286151887655
29.97801648587363
29.990090867264783
30.00072562358277
30.012637229065803
30.0217612942613
30.033614755425983
30.045003955070403
30.056437472185138
30.066262635895484
30.078911442713288
30.09146756263481
30.103716126714716
30.11481826063759
30.126816326530612
30.137979493955857
30.151461307527708
30.16290696406768
30.174507369614517
30.185034610335364
30.194772124812367
30.391782827650488
30.471001327360216
30.483021243585156
30.493526886945254
30.505175264550267
30.516362762496307
30.527900175221603
30.539683451924834
30.548971148743185
30.561246031746034
30.572641443408642
30.58382059490463
30.59669628395576
30.606169835455553
30.61807854977197
30.628965603557443
30.642976863061612
30.654505344995144
30.66703733428453
30.678146105288963
30.689554445891833
30.7010438855677
30.836815392823798
30.843371020661525
30.85029761904762
30.857063172686917
31.056363470119233
31.067420132610007
31.07951939658099
31.283437283685405
31.29854786358988
31.309287603930464
31.321558104067588
31.33360451835055
31.344768449385178
31.356803476946336
31.368682070529363
31.38046281760568
31.39212929616291
31.40412480817243
31.416168672597244
31.427686741363214
31.440866687760376
31.450474335188623
31.46168934240363
31.47357373457858
31.48553377964943
31.497391203056566
31.507673807111498
31.519209768563513
31.531741516665665
31.544291549953314
31.556824327215164
31.568298989498714
31.60071547917413
31.612650793650793
31.625765742194318
31.63620260507304
31.648088649874367
31.65944656084656
31.67044415440595
31.68298494154944
31.69362964091109
31.859075190682336
31.871292162698417
31.882121441169062
31.89424947756881
32.00332551411369
32.015912364945976
32.02600893369396
32.03758189649025
32.048595993953136
32.06132998126787
32.07120408163265
32.083253070204975
32.09531253845207
32.107788866462336
32.117483179063974
32.12897523111809
32.1418962585034
32.16026186818814
32.17943974586832
32.25816879597367
32.269711666275704
32.281542980828696
32.293301098217064
32.30526898115568
32.31734195011338
32.32881081956592
32.34016300509275
32.35217546943871
32.49547430083144
32.50180894017241
32.507303523035226
32.51163417605848
32.517670784789004
32.548550668364754
32.560554995660816
32.57181324381604
32.583463189720334
32.59446664777022
32.60590938378995
32.6174236135132
32.69973717741064
32.71473054969114
32.72526678984351
32.73654768226993
32.74495528727923
32.86129913076342
32.8728843537415
32.88634772069747
32.89777954931973
33.08165873937651
33.09310559006211
33.1064923154447
33.11876244700779
33.12988370586329
33.1415074859966
33.151572799662496
33.164252948885974
33.17408932620667
33.185541135548064
33.34214414067513
33.354220170607924
33.364833246118955
33.37665615038286
33.42157253599114
33.43254039115646
33.442092506293854
33.45451096662854
33.464109221466366
33.47559887202744
33.489484508829435
33.498057753713724
33.5085512723608
33.52027402755974
33.531962233169125
33.54577186780224
33.55664965986394
33.56878257583226
33.57722768625522
33.591595983738834
33.602913325479165
33.61387298202863
33.62387249678988
33.6359666013298
33.648389425945815
33.65905145929339
33.67084003298289
33.681565334467116
33.692231959450446
33.70427376355948
33.71561763319188
33.726927122700936
33.737651457889555
33.74831929597236
33.75922661263087
33.77064916099773
33.781938775510206
33.79363683935112
33.80434835887217
33.816311333043856
33.82840332017581
33.84003038548753
33.85201173222912
33.86449800609899
33.876396447467876
34.07550904715628
34.08227755778928
34.088866836111734
34.094676023666175
34.18693138124815
34.193274899703475
34.19795581295581
34.20487447359896
34.210845906332736
34.217862325882734
34.2289803776296
34.241789990850144
34.25383219954648
34.26501146818881
34.275386327370455
34.32119981325864
34.333264334305156
34.34377802973041
34.489337385227316
34.50122801713278
34.513665984912485
34.525056825943224
34.53583566760037
34.663470613470615
34.67491651205937
34.68658255550282
34.69690385487528
34.80463963963964
34.80837926623641
34.81595456896209
34.82100944202818
34.82703226840474
34.8333756323042
34.8392920501534
34.84449123891981
34.851105095099264
34.855888100167604
34.92236911060721
34.93556358123774
34.94715574359825
34.95861616718759
35.13661719233148
35.148889536767086
35.160403061224486
35.172454133168415
35.18540901895349
35.252594627594625
35.26406436094687
35.27597160603372
35.28749845392702
35.29875295135236
35.430822451585996
35.44216471818268
35.453847660276224
35.53869788941218
35.5480106401535
35.5589843159486
35.57087553539934
35.58189846308894
36.05638321995465
36.06839195840938
36.08086859133897
36.09256613756613
36.40191024797016
36.407529100529096
36.413
36.4188693877551
36.42378601847243
36.430295082945456
36.4362653950469
36.442012957563975
36.44820076748648
36.45485454344339
36.459462955250125
36.53212902109996
36.53769577598481
36.5437238010469
36.54916715767671
36.555313125250095
36.561565656565655
36.56744394053918
36.57134517510708
36.57633786848073
36.5824297545105
36.58715003008005
36.5934927052582
36.59930681531872
36.60533597112314
36.61289115646259
36.658409256559764
36.67090579710145
36.682223918438766
36.69426889644746
36.71051420568227
36.723572295160096
36.74163565426171
36.75945258445258
36.91297021511307
36.93176750132677
37.16054739229025
37.18012666018788
37.19741213151927
37.2092925170068
37.221761212959755
37.23263920382968
37.243920203001835
37.25621753246753
37.26818352059925
37.30371080139373
37.30885789871504
37.31498100664768
37.32148340969041
37.32824241234955
37.335132275132274
37.378334667200214
37.38971403376165
37.40278412698413
37.41293460386699
37.50754818594104
37.52534249811035
37.58801766320563
37.5934541402768
37.59925502187407
37.605742630385485
37.611786946662725
37.617801398337114
37.62356195642814
37.62955302633874
37.63499285558973
37.64074754346183
37.64583991845896
37.65294673967148
37.65666577157179
37.66199662177796
37.667372314004965
37.67308714908966
37.679359972996835
37.683515357658216
37.81606219266733
37.8292032570604
37.840243559271094
37.85345838335334
37.864066806209664
37.87528009070295
37.88826891362606
37.900163279749265
37.95098639455782
37.95633881896072
37.9630515179693
37.968895204614284
37.974567099567096
37.98083981211532
37.985950988582566
37.991707698952595
37.99700054151014
38.002896471088434
38.00828685511471
38.01509925982972
38.021017663205626
38.02865327380952
38.05978063689244
38.0715914878772
38.08383612419327
38.09455274808336
38.103735171261484
38.116422675736956
38.127037327751616
38.139147258903556
38.33110051670941
38.343148630610635
38.35460973863229
38.36697459286744
38.37904014087905
38.3905955999421
38.40070790816326
38.41388718820862
38.42492657380412
38.43692743764172
38.44692631011889
38.458410209612296
38.491686007736426
38.50424788794574
38.51582068724926
38.52360121826508
38.537615117157976
38.54568163265306
38.55880574452003
38.56838624338624
38.58076561760235
38.59230182599355
38.60239229024943
38.61543603985937
38.62505772005772
38.72973716759431
38.74906240133184
38.76758229728673
38.786880777952206
38.939698956916104
38.94220376184661
38.94847505668935
38.9549770136365
38.96091609977324
38.96792020004349
38.97310503401361
38.97889783983769
38.98435346154923
38.98970356198035
38.99611287477954
39.06074101068999
39.07358533791523
39.08565481975103
39.0968487394958
39.109649302643426
39.1208452134477
39.13110610135527
39.14217160673793
39.18056019377448
39.19398455732658
39.20342504409171
39.216903796979786
39.22751716105943
39.23985790853138
39.252027091538366
39.27009658499991
39.287442078280584
39.36066295382622
39.371958359101214
39.52766397917192
39.54006971582959
39.55175439199248
39.56338541666667
39.5759159943047
39.609713907785334
39.6159608184359
39.6216830435878
39.62833758503401
39.63286470143613
39.63708214126772
39.72525259284041
39.73804694717393
39.75009386700417
39.76128312783447
39.77330848164181
39.78447944395149
39.79634663928464
39.807925170068025
39.92895700008398
39.93391649413389
39.938331411660705
39.944824520717376
39.95115988533778
39.956897203325774
39.96351334685921
40.01737619523334
40.0272474457948
40.03821142857142
40.0502359356441
40.061227437641726
40.07309260138164
40.091506424792136
40.10877806377806
40.19069117668299
40.203443675089076
40.21530293367347
40.22807476694381
40.240234093637454
40.357992091145405
40.36516951496045
40.37157596371882
40.378022659185326
40.38196666053809
40.38918344208432
40.393429371748695
40.399521110031316
40.406039971544175
40.49447590303727
40.51701924288234
40.535738996453276
40.55225214159738
40.57054835018119
40.58825916477702
40.66674093490607
40.67241462754256
40.679285535736604
40.68595901775344
40.69224489795918
40.83630668016937
40.84615570672713
40.855068554553604
40.86657681710677
40.87762404754862
40.97035260770975
40.982469668279684
40.99393479342957
41.005858020627606
41.016755228898084
41.02807331821617
41.04112069626562
41.09893264054088
41.11037148192611
41.12159642718876
41.131386182100464
41.144046296296295
41.15564740502943
41.16665088879374
41.17822359896339
41.191730494667
41.200405262880345
41.27477490183065
41.28611259804468
41.29714739229025
41.3077931172469
41.32061739847454
41.33188380402666
41.343630720047585
41.3545004466433
41.368015475195925
41.37932166860738
41.387925893761754
41.396926141885324
41.40189594356261
41.40980883093979
41.414969345763
41.42113808149522
41.42468610301263
41.432119031187355
41.43668460111317
41.44423154446964
41.448011621315196
41.452551020408166
41.459596846490534
41.465461851407234
41.47200739945101
41.47778287160275
41.48356335228155
41.488585894127766
41.49403873261016
41.49916618624851
41.51136483719701
41.517373242630384
41.52316782383056
41.52827543783471
41.534311373672274
41.54125119677501
41.546713048855906
41.69791674765144
41.70464873222016
41.71020849080372
41.7166420722135
41.807529062257814
41.8184274719989
41.82984423928301
41.841342305037955
41.85319111270238
41.86488662131519
41.87543083900227
41.889163427275676
41.90042535293687
41.97485139293813
41.97895892936614
41.98753968253968
41.99362041936116
41.999724489795916
42.00505483990287
42.01015681389927
42.01426883931867
42.066880767811
42.07791334454929
42.09099362450294
42.10246987951807
42.11468011013929
42.12538909503195
42.13678861174099
42.14766859830352
42.158307418205375
42.243864638447974
42.25098788149139
42.25759984882841
42.26399612622827
42.270157270829124
42.277041325893656
42.322027753130236
42.33356798811479
42.34506072748734
42.35772010253377
42.369110977724425
42.38102910931814
42.391318459587225
42.464151077097505
42.47419762776905
42.485890279059696
42.49824879227053
42.51017059536993
42.52144886404668
42.534323687146816
42.545176342381616
42.55555505165029
42.7413224893918
42.76055117953614
42.77729620467716
42.78953851810994
42.80141449683322
42.81289581308714
42.82469290573373
42.83551978727999
42.848183501248606
42.860132137703566
42.872709569160996
42.88470963277086
42.896308858739026
42.969577714126586
42.981048855905996
42.99261904761905
43.0045503504432
43.014914407077384
43.08505905139834
43.0930852524496
43.09856494978944
43.11157863145258
43.11848406731113
43.12529283588436
43.131279761904764
43.139736883259054
43.14588037554203
43.15117001873213
43.15767573696145
43.27828853492616
43.371810009718175
43.38327479291036
43.42956430191124
43.441621928050495
43.454807542064444
43.467099441402574
43.479034168532834
43.49152919501134
43.50408564451421
43.516512059369205
43.52811963169106
43.53930724478343
43.55035865831481
43.56196045451147
44.082525691127515
44.10125850340136
44.12003680259983
44.28515225137674
44.297886401872574
44.309194344404425
44.32159286745001
44.33374368095862
44.34477302870834
44.35403097409176
44.606432694289836
44.62425957256823
44.64186352196556
44.65977117223701
44.67723808550602
44.693432134758666
44.713161443148685
44.8618966347601
44.867865840400086
44.873371730914585
44.87667450313459
45.046292013101535
45.05146428571428
45.05651875508473
45.062260123096856
45.06756532771839
45.10518565759637
45.11210657596372
45.11858103426556
45.125686750890836
45.27051131021514
45.282187313521895
45.29303539934492
45.30306713989944
45.31525551283315
45.32684462190673
45.33662831509415
45.45597111308292
45.46199452003024
45.46981211532232
45.47720346574844
45.50197426796805
45.51425008098477
45.52475752078609
45.53696443489677
45.54722297808012
45.55852901654489
45.62028301886792
45.63318225393138
45.64442367507475
45.656933983215275
45.66741423451101
45.67894819466248
45.78892209264658
45.799795100170655
45.81123468242516
45.823381204333586
45.83431034965426
45.85767361111111
45.87549886621315
45.89836319893811
45.916309750566896
45.93431870382562
45.951750476190476
45.96978959889967
45.986614006008494
46.00451917856344
46.02269368858654
46.04081927061801
46.35143738977072
46.3691156462585
46.38740053597196
46.40619877504266
46.44285122009003
46.45526738473167
46.468067468533306
46.49839889961152
46.503546691403834
46.50976838354389
46.515682161753595
46.51946712018141
46.52433667743191
46.531466796242306
46.53676431863068
46.5431279178338
46.546991857349
46.554476866770095
46.56139425139425
46.56703494412373
46.57354637728107
46.58013218295448
46.58526714852608
46.590085332378564
46.59490720849743
46.60011550453515
46.607176359265516
46.61180141287284
46.61801893730465
46.62307360252969
46.62869401093771
46.66767834810692
46.679418529316486
46.6912783446712
46.702377173091456
46.7138146176345
46.72518976011457
46.73677394034537
46.748282856521605
46.75963340891912
46.770932518370756
46.783034565177424
46.79573550127122
46.80839725731562
46.920588792594664
46.93841823551126
47.21502456538171
47.21925685425685
47.22452003023431
47.22994626836242
47.23828007171861
47.24459483164335
47.250689033189026
47.25720303506018
47.262225556889426
47.267155555555554
47.33642674274011
47.34202947845805
47.34843179377014
47.35430439781546
47.35975938523557
47.364837092731825
47.37028988550152
47.377317997374384
47.38201567583555
47.388248677248676
47.79785584710075
47.81277732426304
47.82195727891157
47.83257091952427
47.84512063492063
47.85728418127814
47.86821361519518
47.87968063735561
47.889090521541945
47.90192815522833
47.911945729402866
47.923325613933514
47.93415574650913
47.946443421026224
47.957462473742055
48.6706257771926
48.682380952380946
48.69488430220573
48.70464803312629
48.71836526832955
48.72991645781119
48.79408242366714
48.80477806122449
48.8156997390151
48.827748054176624
48.838624460536906
48.85056369556369
48.861958931720835
48.8721386384011
48.89290249433106
48.92679238657115
48.937580972687584
48.948468357039786
48.960441919191915
48.96941326530612
48.980907677356655
48.99228982951205
49.00121553884712
49.01362566648281
49.024132203145804
49.08417604005298
49.08980824752488
49.095679936172
49.10109977324263
49.10752248550427
49.1126540919398
49.11893581780539
49.1246180218119
49.13019314510465
49.136052958817935
49.14279318016514
49.14810348381777
49.32729563011645
49.33783548245169
49.35033603512327
49.36195187704711
49.43204790249433
49.43953813104189
49.452538702723885
49.46360817890375
49.470589115646256
49.48234196875097
49.49262907727193
49.50401565875694
49.513930461073315
49.52469765684051
49.53586046323291
49.54676916557869
49.55777366255144
49.568660619803474
49.57902909131132
49.59101953601953
49.60378360868157
49.61521429592858
49.626760393046105
49.638100907029475
49.65038422776518
49.662796776368204
49.67439953242279
49.68386491739553
49.6969893811183
49.7071878892402
49.71946267395847
49.73095400064788
49.74273626373626
49.75740362811791
49.767193499622074
49.77805150631681
49.86496724615772
49.87683357496004
49.887611798817886
49.898857394809774
50.11128492173569
50.128599270932
50.14606401534973
50.25030214121272
50.26199483497102
50.27383289941491
50.28578031212485
50.29675928049122
50.641564924215295
50.64835842628083
50.65462375073486
50.660797804270224
50.666058598878145
50.67238321995465
50.67630694702123
50.72413681027967
50.73560033440986
50.746493409863945
50.795036519871104
50.80632027889037
50.81776727204644
50.82954038025467
50.911585034013605
50.92356497343462
50.93523756789537
50.94698785843452
50.9650599287334
50.983834313386375
51.00285714285714
51.021255014826444
51.03315892314372
51.274147043432755
51.28842046529898
51.29776853951457
51.308626279340565
51.32290404582886
51.331533669647634
51.34505142533204
51.3553308427196
51.36638748568735
51.37780801209372
51.39003450655625
51.402203050917336
51.43360317460318
51.43890431053938
51.44483276643991
51.45000963718821
51.45648314693109
51.52276602762317
51.54052921168468
51.559683338123975
51.57716437595447
51.59373188093803
51.611254235027346
51.62966543679619
51.64727784195439
51.71088466868228
51.71736537712728
51.72426427220283
51.73065403304179
51.73563933643633
51.79560743489315
51.81344644206889
51.831299544611234
52.10458244577293
52.11615283446712
52.12794687050447
52.139972769734676
52.15135180611522
52.16322987528345
52.175641912320486
52.18632670504099
52.19658381301239
52.20687194175916
52.21966574972429
52.23071057773214
52.23946155820819
52.250971896955505
52.26257299843014
52.27338775510204
52.284785285725135
52.29655660212803
52.30733743497399
52.31897010795932
52.33028143515471
52.34480592236895
52.35457090528519
52.3662951085196
52.379473507712945
52.38850129198967
52.46655512105042
52.47816788443773
52.489863159785365
52.50202529216814
52.512391999534856
52.72240469342099
52.734941238144
52.7460147912376
52.75787266959329
52.769225121742686
52.78064868804665
52.79388791358838
52.8051626984127
52.81616326530612
52.82658041275582
52.83986772486772
52.85190739390994
52.920853174603174
52.93042601437738
52.941474741099185
52.95335457448285
52.964653508961966
52.97646162882824
52.987517793244464
52.99857223841917
53.08780505952381
53.09983928279215
53.11061605555085
53.22963323906342
53.24169001427731
53.2531179138322
53.2644824935624
53.27706865181202
53.28852235298012
53.30047795741673
53.31083338440481
53.32200830017541
53.345172575646515
53.36299310119528
53.380852722233676
53.396931029234956
53.41857515176757
53.43674759433688
53.45493890798014
53.47245900767045
53.490518589380194
53.50867889878956
53.53034374811872
53.549937435162995
53.56946223930529
53.58901806624289
53.609239172200304
53.62946447834798
53.64964709014652
53.66591241496598
53.68159640712935
53.69347112842371
53.70541288439666
53.71763755444904
53.73144715936261
53.74253335517398
53.75302514945372
53.76487129564469
53.776115268329555
53.78921097505669
53.80044160997733
53.81090301099343
53.82279706275034
53.87592547629984
53.882861781076066
53.889300408586124
53.89500566893424
54.12615882753919
54.13829443918848
54.1505912577797
54.16178597592883
54.174308138070046
54.18522127130422
54.19719566774078
54.20968713611571
54.221881844936554
54.23340923406399
54.24447550034507
54.25691505549588
54.3444247767134
54.34891836734693
54.35561929957168
54.3614521700153
54.36831327402756
54.37423817974395
54.38012534353219
54.385301002121274
54.39091232048375
54.39619589864932
54.4015009949558
54.407160829764
54.55526180169037
54.56344493352897
54.568024631369305
54.572710908476864
54.57839345040342
54.62623414230557
54.64431659188498
54.6626750982083
54.68116399357796
54.72932323962033
54.740273198247266
54.75149316292173
54.76350576524046
54.77432781033205
54.785901278859285
54.8343713083627
54.8468003590325
54.85883141762452
54.871282596371884
54.8825073281345
54.894199877940345
55.154114264995336
55.16577689046633
55.17652549908853
55.188043804718355
55.199988886643766
55.21207482993198
55.2239745302883
55.235396963103724
55.247154938478126
55.25905412438199
55.276730801773446
55.28867640256766
55.29858661444376
55.30969721221822
55.32159863945578
55.33368677905945
55.34393527107813
55.35366013071896
55.361509477577435
55.374336060764634
55.38576840192342
55.39572253143682
55.408859175854246
55.4291689419532
55.44110785916433
55.45297349458302
55.65007376613196
55.65686681284084
55.66321785504325
55.66993827160494
55.67694779952797
55.68377580661894
55.69030506776354
55.69664992981319
55.701789502048946
55.70961983096269
55.861468284946035
55.8728290965509
55.88365369403576
55.89307277428105
55.90393482608295
55.91480648756678
55.9275758578399
55.93920859913356
55.95079689018465
55.96208796176698
55.973231292517006
55.986245853713385
55.99614250828536
56.00698932045936
56.01751700680272
56.02796307228125
56.03994257692805
56.05095036246822
56.062401130552594
56.07178337160311
56.082752310650704
56.09473009130621
56.106736211031176
56.118709232524004
56.12969367688078
56.140621341058605
56.14945658158825
56.15835181691724
56.16925624465091
56.17985064125018
56.19185083789613
56.20415407566536
56.21443223443224
56.22619545131486
56.23818970148325
56.602579365079364
56.60952409655845
56.61626177024482
56.64006495653817
56.65195791736608
56.663980772864704
56.6750721116604
56.686979393699225
56.698802235179784
56.711426093616254
56.72317773675634
56.732466796242306
56.745531550551256
56.7550730994152
56.763808390022675
56.776422532161945
56.78844550443451
56.80053744441499
56.81154022315327
56.82258386113065
56.83597132917093
56.881997624446605
56.88739027117696
56.8932984640397
56.90123201814059
56.906111588495044
56.912268862090286
56.91747291509196
56.92327452758881
56.927902800759945
56.936086958814535
56.94159688164671
56.94744142101285
56.950868791961234
56.95704081632653
56.96485495024456
56.96903322377641
56.97610604525498
56.98273092884953
56.988261763038544
57.220502263480604
57.23258745952776
57.24453871436214
57.256236729540305
57.268451467977954
57.279893707483
57.291414512471654
57.36773661976206
57.377785114045615
57.39054484260896
57.40118541033434
57.41374101413615
57.432267573696144
57.4501321160043
57.46780886548167
57.48634570494865
57.54208714982055
57.55354780801209
57.56654796612522
57.578525743630784
57.589057378225554
57.602269528501054
57.61348720440557
57.62272388609123
57.634277504105086
57.683410828248824
57.694015965569896
57.70496560075277
57.93478285630688
57.94855087544911
57.98476965366483
58.00348139255702
58.02076944880516
58.12871934414792
58.13995724394175
58.1511044546851
58.28064141761573
58.28984022727865
58.29900199104031
58.30985723541117
58.32083386067605
58.332815341624865
58.34552006710543
58.35832630518094
58.37097548724131
58.382243537414965
58.39446632173996
58.40625843468701
58.41866094374257
58.43045481386999
58.44051737832609
58.45118189331807
58.46198690797073
58.47336683545599
58.48574538066052
58.49809539130968
58.50905828337935
58.52059028011645
58.53256027966742
58.54623833604238
58.564435746901495
58.583562707134135
58.60113303099017
58.61878918763272
58.63726784204806
58.65494502851646
58.673967947539374
58.68994732801257
58.69576234364713
58.702037513168
58.710526411419266
58.71645640074211
58.72215713445872
58.727521237350665
58.73415794522938
58.74086991631185
58.74624592302675
58.75272688334593
58.93123918703284
58.94278286824934
58.95441987906274
58.96619794259167
58.97784826224533
58.990595526346134
59.00313345091123
59.014749681122446
59.023907907248926
59.034444828778966
59.04736017760398
59.058135356706785
59.07015608749765
59.096134339914826
59.1011358218501
59.10570500927644
59.112453365774535
59.118747066077894
59.124928463448875
59.13209045780474
59.13621730914588
59.14168353741496
59.1486012941762
59.16716087838644
59.17804541534923
59.18996268549614
59.200544217687074
59.21190821256039
59.222791019084035
59.233460351991894
59.24509070294784
59.25651794050954
59.26789538037437
59.31620717053225
59.32305848776292
59.32920233185137
59.33494919486782
59.40871306731648
59.42092731282115
59.43266775846141
59.540723356009075
59.55328215095562
59.56544217687075
59.57614926739927
59.58817282150956
59.59867403628118
59.66093891723356
59.6721280796963
59.68269085411942
59.7202305366591
59.7321648152932
59.74449723639455
59.92618866870419
59.937764625850335
59.94806202717075
60.096361678004534
60.11434847748623
60.12590273947417
60.13780766852195
60.14879404325833
60.161292733260424
60.171808390022676
60.21244822373394
60.22381852741096
60.233493915343914
60.244655067155065
60.25579207920792
60.266699454556594
60.278810977382406
60.29010750728863
60.30211061934814
60.314389023674735
60.32500125976316
60.33653123067408
60.35028722600151
60.362787237594425
60.626386789283615
60.69329931972789
60.70318164047228
60.71490286661928
60.72648607061872
60.736653116531166
60.7484990406419
60.75878795962829
60.77034506556246
60.78161315192744
60.792427311665406
60.80255773914504
60.81353174603175
60.82537118437118
60.83215021143592
60.84118918043408
