File type = "ooTextFile"
Object class = "PointProcess"

0
398.08
965
4.508188690690152
4.508188690690152
4.50956144864256
5.260550852343556
5.260550852343556
5.260550852343556
5.260550852343556
5.27803769562105
5.27803769562105
5.27803769562105
5.27803769562105
5.281717882332488
5.285026248159858
5.288720942092688
7.1151620411887215
7.120202157491963
7.124559423030608
7.128051753206942
7.131332588996029
7.135351280807851
7.139106135398267
9.343339680880714
9.343339680880714
9.508085458894266
13.313204748747324
13.317263692568448
13.321225299138481
13.324945307686384
13.33004796149559
13.331727271496057
14.669259356268793
14.669259356268793
14.669259356268793
41.534424602915585
41.5381225808781
41.54194296920607
41.55521337264366
41.55521337264366
41.55521337264366
43.26527062251984
43.26527062251984
43.279381878165175
43.279381878165175
43.279381878165175
43.279381878165175
43.28010191100892
43.91183858597762
43.91183858597762
43.91183858597762
43.91183858597762
43.91183858597762
43.91183858597762
43.91183858597762
43.95644641458838
43.95988207210243
43.973239652622475
43.973239652622475
43.974374128463566
43.977401357545354
43.98094609028943
43.98440541675294
43.99870595362622
43.99870595362622
43.99870595362622
43.99996224231706
44.00268662040077
44.027996085918154
44.027996085918154
44.027996085918154
44.02820192304058
44.03855295906754
44.052221130382776
44.052221130382776
44.052221130382776
44.052221130382776
46.41562321823439
46.41562321823439
46.416602651119625
46.41912139520655
46.42298048314411
46.42882251943005
48.15586120734957
54.45920519345341
54.46278320041609
54.466220929819904
54.47058734997239
54.474334335135886
54.477961838391614
54.48149376732922
54.485268862596946
54.488957262490224
54.493484256478204
54.49690927632886
54.50274307062931
54.50610442026391
54.50738950350725
54.510944015951324
54.51466302947787
54.518412774402435
54.52220946748
54.526155928846705
54.53043513963579
56.874738748174515
56.874738748174515
56.90621667293609
56.90621667293609
56.90621667293609
56.90621667293609
56.90621667293609
56.90621667293609
56.90621667293609
61.31431402401586
61.31431402401586
61.31431402401586
61.31431402401586
61.31431402401586
61.31431402401586
61.335313606948226
64.92496117022588
64.92496117022588
64.929881375341
64.93954089310567
64.93954089310567
64.93954089310567
64.95733927712162
64.95733927712162
64.95733927712162
64.95733927712162
64.95733927712162
64.98587634574294
68.20682040330078
68.23386179835924
68.23725985740285
68.257209511079
68.257209511079
68.257209511079
68.73149844188005
68.73149844188005
68.73388922154612
68.76402119530245
68.76402119530245
68.76402119530245
68.76402119530245
68.76402119530245
71.349583302436
71.35243104452056
71.36388443173489
71.37533430066941
71.37533430066941
71.37792243713112
71.38151682533795
71.38510778039456
71.38875078655761
71.39227943471079
71.39651728135448
71.39939064603664
71.40404824601784
71.41767641077605
71.41767641077605
71.41767641077605
71.41767641077605
71.42044769643837
71.42752659664951
74.45346151372043
74.45786228457474
74.46020604166667
74.46825353513036
74.46825353513036
74.4871500364582
74.49068397617903
74.49433818385346
74.49795436151078
74.50166081378629
74.50560147204834
74.5089986959021
74.5124074186685
85.97426633522727
85.98649968153174
88.31185347222221
88.32818477728047
88.3459763385066
90.33514677144248
90.3530614326484
90.37004337734516
90.38766985144245
90.39956710100118
90.58541834271954
90.60087025603752
90.61822968548138
90.63783775644437
90.65369652578862
90.67364924480239
90.69054460040846
90.7977447327064
90.80066567712302
90.8046364380102
90.83027214399495
90.83027214399495
90.83027214399495
90.83027214399495
90.83027214399495
90.83027214399495
90.83027214399495
90.83027214399495
90.84187822851219
90.84187822851219
90.84187822851219
91.06426970652812
91.08146206492691
91.0999357926423
91.11642200229124
91.21792291737201
91.23367495164219
92.23468087746825
92.25197710928077
92.27359786270983
92.35340777173124
92.37161158995855
92.38996275387653
93.62924830380081
93.62924830380081
93.62924830380081
93.63669655677252
93.64281273719003
93.64402950247019
93.64805330955956
93.68142034859336
93.68671158391626
93.69346975561781
93.70569125914568
93.70569125914568
93.70569125914568
93.71121027161774
93.72070600516092
93.72070600516092
93.72070600516092
93.72628697941084
93.72729094743988
93.73771625116224
93.73786292849698
93.7474630386467
94.03106193307622
94.03331055041713
94.03849465440432
94.0408275000486
94.04460624037722
94.0640547383561
94.0640547383561
94.0640547383561
94.0640547383561
94.0658276553176
94.06913875131028
94.07362584662506
94.09302243218687
94.09706195349762
94.12584035703543
94.12584035703543
94.12584035703543
94.12584035703543
94.12584035703543
94.12584035703543
94.12584035703543
94.12584035703543
94.13844132614213
94.13844132614213
94.15492357228435
94.15492357228435
96.4938162788334
96.50154505820862
96.52332560433524
96.54926330641797
96.55296705095857
96.55708027898777
96.56096226654846
96.5680901015131
96.5680901015131
96.5759889027304
96.57976528860429
96.62059706225033
96.62782453852795
96.63358758595491
96.63455609060343
97.71315688610662
97.78293359767325
97.78293359767325
97.78293359767325
97.78293359767325
97.78293359767325
97.79216753303537
97.79216753303537
98.37110713700655
98.3781765406658
98.3781765406658
98.39211936455857
98.4113928986728
98.42914464471666
98.44890034483188
98.6544125037059
98.67165749471323
98.68969147328609
98.74304324806091
98.76339128747824
98.78161646419174
98.88435567830805
98.904460942338
99.05248201155717
99.05248201155717
99.05248201155717
99.05248201155717
99.21715458217646
99.27827674337459
99.29740933488269
99.31599904885495
99.76655753055189
99.7893606333382
99.8128261692743
99.82792546778717
99.9823029061502
99.9855934789262
99.98901609779664
99.99286314220518
100.00726499327332
100.00726499327332
100.04895905145787
100.05151306721797
100.0582281114791
100.07175170891583
100.07175170891583
100.07175170891583
100.0728105170107
100.07671310667101
100.07974428321307
100.09074490784288
100.09074490784288
100.25746727411807
100.27797631622632
101.43862992767595
101.44028191253246
101.44390476102984
101.45146647425182
101.45477391351072
101.460026060933
101.46174120684488
101.46538008521843
101.46908993218119
101.47251951648173
101.47583159750157
101.48024529727768
101.48791376514443
101.48791376514443
101.49500880225116
101.49500880225116
101.49755668578531
101.50201695170988
101.50551524232493
101.50910542345109
101.52557508138811
101.52557508138811
101.52557508138811
101.52557508138811
101.71135803435838
101.71135803435838
101.71135803435838
101.71135803435838
101.76949400920441
101.76949400920441
101.76949400920441
101.76949400920441
101.79458360326022
101.79458360326022
101.8011317587992
101.81415711109247
101.81415711109247
101.81415711109247
101.8189811274866
101.82783781682566
101.82998565190567
101.85699122639227
101.85699122639227
101.85699122639227
101.85699122639227
101.85699122639227
101.85699122639227
101.85699122639227
101.85699122639227
101.86889296980827
101.86889296980827
101.89268689102563
101.89268689102563
101.89268689102563
101.89268689102563
101.89268689102563
101.89268689102563
101.89268689102563
102.2887701369382
102.30771591589495
102.32579973921708
102.8651925994775
102.86725424115984
102.87191256150236
102.87686022137092
102.89039701405636
102.89039701405636
102.89039701405636
102.96640731757236
102.96640731757236
102.96640731757236
102.9742515231054
102.97691652060911
102.98620120494212
102.98620120494212
102.98798113793042
102.997869712242
102.997869712242
102.99892410714286
103.0064646100757
103.01058433809226
103.44372267908821
103.44372267908821
103.46742919787363
103.46742919787363
103.98405208518199
104.00117713622123
104.0218653377285
104.02893274371068
104.04147571898311
104.04147571898311
104.04751739857922
104.06866401948328
104.06866401948328
104.06866401948328
104.06866401948328
104.07283328572517
104.09287547055487
104.09287547055487
104.09287547055487
104.09287547055487
104.09287547055487
107.40709007405223
107.41007993107335
107.41424912643248
107.41771924564213
107.420728580315
107.42372014286734
107.4270722584255
107.43231366002605
107.43512594777683
107.4378900354153
107.80653317100108
107.8103338685902
107.81311788578451
107.81861957289608
107.82406716963018
107.82538713432253
107.83181686808611
107.83705450049867
107.84144867297547
107.84644947020003
107.85357969387618
107.8573174473267
108.7333441872352
108.7333441872352
108.73735842160949
111.1548927962519
119.27356219712875
119.27376968721207
119.27832074580535
119.4023382332157
119.4023382332157
120.64611417895962
120.67329567302356
120.69714802711603
121.64842137539529
121.65684500590314
121.66608207588044
121.67538761336064
121.68534793556691
121.69561851271334
128.18773688966175
128.18773688966175
128.18773688966175
128.1929173587953
128.20019271546838
128.2542780715031
128.27082265016685
128.28679541968577
130.5977371596364
131.03836886779797
131.04392455924435
131.04698982848842
131.04912669585445
131.05706267686043
131.07000925672733
131.07000925672733
131.07000925672733
131.07250668517673
131.5516630167592
131.55755774614477
131.56010497027475
131.56306233072286
131.56712258852534
131.5705877017994
131.57929755260017
131.57956237411884
131.61058690697195
131.62565117886177
131.64743046668272
134.2029583203998
134.2072331927403
134.21405907511308
134.22183178592996
134.22183178592996
134.2275667881757
134.23400294279062
137.49031899794088
137.501942366453
137.501942366453
137.501942366453
141.91946354400267
141.91946354400267
141.91946354400267
141.92196429010667
141.9496905899553
141.9496905899553
141.9496905899553
141.9496905899553
141.9496905899553
141.9496905899553
141.9496905899553
141.97252634002606
141.97569120638315
141.97959991317256
142.0912833401977
142.10877535253212
142.12494388897466
142.29344620816698
142.29723626325506
142.4001612600785
142.4001612600785
142.4001612600785
142.4001612600785
155.8797025605554
156.00313771000822
156.01530004951965
156.03479520411108
156.0565122342064
156.0758961224585
156.0962242753555
156.11674516156688
158.32148128103663
158.34201486045518
158.36058180366803
158.37874076319872
158.39288005543082
158.5119471060032
158.52141934246234
163.11971412285752
163.1248328417346
163.12859227649454
163.1452363723847
163.1452363723847
163.16394750583916
163.16394750583916
163.17214900276903
163.1760825832431
163.18534102693224
163.18534102693224
166.88726460800788
166.88726460800788
166.91104901359654
166.91104901359654
166.91104901359654
168.16946091459255
168.16946091459255
168.17280440041844
171.12257003463506
171.12551210172467
171.1357661528208
171.1357661528208
171.13683053942685
171.14010680426568
171.1479350669554
171.14809052650725
171.1521551087718
171.4160849070531
171.41630904688003
171.4347643830586
171.4347643830586
171.4347643830586
171.43620479119653
171.4395539934626
171.49667267554545
171.49667267554545
171.5001470789874
171.50699960001018
171.50699960001018
171.51215725927275
171.51472596602025
171.52316530521784
171.52701800767272
171.53389468322078
171.53413848302534
171.54703326414514
171.55312667539772
171.55454399281953
171.56162268807373
171.56492261658275
171.57356042753784
171.57356042753784
171.57955965145683
171.58405574674836
171.58753058420217
171.593188925062
171.59812890018253
171.6000391617045
171.602725351337
171.60768061622306
171.61507388455573
171.61507388455573
171.61864015282282
171.6220611231327
171.62538159486846
171.63622999916362
171.63622999916362
171.63622999916362
171.63891940708518
171.6411069008423
171.64437686727584
171.64930939437113
171.6524870185839
172.2458545514439
172.2458545514439
172.26560482528572
172.26560482528572
172.26560482528572
172.9756086589985
172.9756086589985
172.97709339348742
172.98273528114217
172.99358146705399
172.99358146705399
173.00338393424633
173.00501298440724
173.00992923200644
173.0142419094607
173.01890742502977
173.0222735660799
173.02636805651
173.0309164913568
173.03890239461487
173.03890239461487
173.05284280595606
173.05284280595606
173.05284280595606
173.05690468909665
173.12587478718334
173.13261084654948
173.13261084654948
173.13429417845612
173.1374855337587
173.4021937091646
173.40583982078496
173.4151797827516
173.4151797827516
173.41619910388695
173.42001177233365
173.42373706184983
173.42764217272747
178.1241584611105
178.1241584611105
178.12705046596656
178.13012851952854
178.1345861895486
178.1398308095547
178.1414323182786
178.14782927331422
178.1489703283153
180.53188316274077
180.53839082165308
180.54487059037103
180.55076601697297
180.55567157898858
187.26956132902683
187.27327825993132
187.2772225456329
187.2809375382582
187.28475515614562
187.28877598577535
187.29277884779697
187.29688676694047
187.30080911565685
187.30537950330384
206.77978749089678
206.77978749089678
206.77978749089678
206.7822073974825
206.78376639907736
206.79556880050157
245.34027067270625
245.35935043041428
245.3776750570894
245.39523061269955
245.41405093078927
245.43025711499078
245.5998674664333
245.62643980659794
245.6438573555018
245.66231344791146
245.6798444510715
245.83464081568164
245.8524204646085
245.86923122777847
245.88800205955417
245.90415188373805
246.64820932153967
246.66636850631056
246.69207666326068
246.7077205864816
246.78502449292608
246.93067612181417
246.9425463950512
249.88837467446544
249.88837467446544
267.66267568340055
267.66267568340055
267.6709948594342
267.6709948594342
267.684092133244
267.684092133244
267.684092133244
267.69206321414504
267.6969418955823
267.69993042033366
267.71826525307654
267.71826525307654
267.71826525307654
267.71826525307654
275.00845469324753
275.00845469324753
275.0155626663087
275.01837129693257
275.0227911786765
275.0308449656464
275.0308449656464
275.03460769581056
275.03742721071353
275.04675132429134
275.04675132429134
275.0491244704138
275.0530018604535
282.4695826980714
282.5468347876183
282.5468347876183
282.5468347876183
282.5468347876183
282.5468347876183
282.5509792328392
282.55374978073837
282.5564122191766
282.622146915254
282.6438113683003
282.6438113683003
282.6438113683003
282.6438113683003
282.6438113683003
282.69277447001525
282.69277447001525
282.69277447001525
282.7482679867289
282.7482679867289
282.7482679867289
282.7898258356888
282.7928767879878
282.80090363640886
282.8033323140658
282.8067162678877
282.8105841977437
282.8130263186965
282.81767137632903
282.8199224138968
282.82168859489644
282.9585846438238
282.9694817628654
282.9694817628654
282.9694817628654
282.9790801747908
282.9790801747908
282.98567113900157
286.6918621015818
286.70662610480275
286.8636542628734
286.88132906493115
286.8965323764004
290.48329297760586
290.49893138065846
295.16340805023816
295.16809402434023
295.1784994286996
295.18753183546653
295.18753183546653
295.19003639003563
295.1938354910714
296.7015981096322
296.7020426112593
296.71318262721445
298.118553645064
298.1224449290361
298.1270809231919
298.13354538823313
298.1371956225361
298.14073458524194
298.31320090841353
298.3152607188672
298.33325136548996
298.33325136548996
298.33325136548996
298.33325136548996
298.3821042217431
298.4166881487935
298.4166881487935
298.4166881487935
298.4166881487935
298.4166881487935
310.10663486769874
310.11068966123133
310.11509657748036
310.11940084600474
310.12322398187933
316.62651639578405
316.63067260641196
316.6338483986374
316.6493619218815
316.6493619218815
316.6493619218815
316.6493619218815
316.65956282845343
316.65956282845343
316.6620634973667
316.6788085176257
316.6788085176257
316.74192081868813
316.76086284643253
316.76086284643253
316.76086284643253
316.76086284643253
316.76206936293687
316.8575821044419
316.8575821044419
316.8575821044419
316.8575821044419
316.8575821044419
326.6635383074244
326.6678296778552
326.67277462552045
326.67696594169814
326.68152043478756
326.68561643498407
326.68943305921783
326.6929176105322
326.69775511582975
326.7020298890688
326.7067414616973
329.45818477742506
329.46221904654806
329.4663642785334
329.47557983054025
329.4796798379204
329.48338069500403
329.4871014944905
329.4909511131078
329.49500307637686
329.4992177491161
329.5218436032029
329.5425235477148
329.56002960336457
330.64776104894213
330.654536824136
330.6709082577673
330.6709082577673
330.6709082577673
330.87319537478373
330.8771428783994
330.88114397298915
330.885480334363
330.88950402124664
330.89329488926484
330.89704654874294
330.90062573761014
330.9048123202252
330.9085783667787
333.291102796681
333.30938316947567
337.3522027797133
339.4151755848022
339.4235160706939
339.4307285041269
339.4392943020291
339.4480304593169
339.45715817222094
339.46606919129454
339.4751556280847
339.48412270048567
339.49295993604943
339.50204183214305
343.53786253697143
343.5576881967698
343.5576881967698
343.5576881967698
343.65943467814
343.65943467814
343.65943467814
343.66492938364553
343.6691873115641
343.67291216983256
343.6767565616798
343.6814859299053
375.6758553501653
375.6895171734652
376.4871145118353
376.4908066137834
376.4944246841261
376.49832991930015
376.5024318803531
378.73991281976487
378.7438864736911
378.7494943096775
378.7533888532623
378.75929176184434
378.7631127047376
378.7679073533576
378.7731013607011
378.77712594107743
378.7818743242034
378.7856979055169
378.7899498435127
378.7952805660025
378.7996934731089
378.80452340627494
378.80907694525746
380.8481573012783
380.85205547318327
380.8559132353489
380.85994488966514
380.87303650690984
380.87303650690984
382.8790714374038
382.8830005768033
382.88651935127996
382.8914762352209
382.8965323767505
382.9016439985589
382.90674256160827
382.9103099215313
389.5940230225452
389.6144135076554
390.9303623451347
390.93522580217973
390.93522580217973
390.9390506026754
394.80534990263504
394.80534990263504
394.80534990263504
395.0512945611481
395.06604658251575
395.0759035571705
