File type = "ooTextFile"
Object class = "PointProcess"

0
19.494603174603174
1119
0.38507086167800453
0.4007256235827665
0.4164314058956916
0.4320294784580499
0.44745464852607714
0.46269463340891914
0.47743083900226757
0.4928483245149912
0.5066269841269841
0.5219555723523978
0.5364779245031346
0.5513354230581121
0.5662079983508556
0.5810720584530108
0.595927788955958
0.6107135620205529
0.6255371315192745
0.6405353180698803
0.6555981355505165
0.6706741470534574
0.6856331984270502
0.700691920603858
0.7157786848072563
0.7307689742563693
0.7465929705215419
0.7629818594104308
0.778718820861678
0.7950538548752835
0.81062358276644
0.8262414965986394
0.8415873015873017
0.8570861678004535
0.8723015873015874
0.9164739229024944
0.9309313249109168
0.9454308390022677
0.9607445200302344
0.9752551020408163
0.9898629596766243
1.0032990362811791
1.0180199495528548
1.0327898886827458
1.0477043931125565
1.062766614338043
1.077793343326031
1.0927854345201284
1.107816911710921
1.122985550809471
1.1384189972285212
1.1547709750566895
1.1703684807256236
1.1868231292517006
1.20262358276644
1.2183484504913076
1.2342403628117915
1.2498356009070295
1.265294784580499
1.280453514739229
1.295530045351474
1.3105154369440084
1.324795918367347
1.3393654842889535
1.3541755910284905
1.3690723562152134
1.383911384659684
1.399605084138919
1.4144287120532968
1.4301851851851852
1.4458243727598568
1.4615580120937264
1.4783268545513444
1.4941966310333659
1.5101058201058202
1.5260714285714285
1.541904761904762
1.5573639455782313
1.5726757369614512
1.5885449735449735
1.6033219954648525
1.6184429327286471
1.6332044939187798
1.6473623995052566
1.6618715881414294
1.6765621908718744
1.6917224023565813
1.7069878427561502
1.7222767519706297
1.7379024943310657
1.7541170634920635
1.770195983155167
1.7861876417233562
1.8017120181405897
1.8174603174603174
1.833243890148652
1.849326530612245
1.8650793650793651
1.880968253968254
1.8953684807256235
1.9330864012271576
1.9409606784985876
1.948808076422058
1.9568815588250805
1.9651958359101216
1.9728987150415722
1.9809896339488178
1.9890596047942988
1.9969874863525658
2.005197602850664
2.0137321305333726
2.0220748299319724
2.0313718820861677
2.190025382195889
2.205338983050847
2.2205102040816325
2.235979048896554
2.251457111580264
2.266745469537677
2.282368559827032
2.298169564121945
2.3142957923910306
2.330204081632653
2.3460725623582763
2.3617989417989413
2.377488032249937
2.3929625850340135
2.408238962251567
2.4235754301720687
2.438830707721685
2.454504028561779
2.4700799835085547
2.4855861783965922
2.5011036653467356
2.5168031746031745
2.532041824137062
2.5475137674117265
2.563164172335601
2.579002611145468
2.594706349206349
2.6104950869236583
2.6262925170068026
2.642021124239169
2.657475656929438
2.6728719693005405
2.6880394742931184
2.7031014934709514
2.718272571164388
2.733574774171964
2.749060134876461
2.7650631122728235
2.781086251014167
2.79598828420257
2.813603858675686
2.8296191089048226
2.845597326649958
2.8613392663001274
2.8773470984637988
2.893331414617129
2.909487482067657
2.9269521440416963
2.943587625526401
2.9599206349206346
2.9763213770356627
2.991593600403124
3.0076445578231294
3.023236961451247
3.039020274776577
3.054305555555555
3.0695992309967464
3.0848812507459122
3.1002032831912105
3.115676691729323
3.131117551020408
3.1464605236033805
3.161796852074163
3.177141636141636
3.192593228710626
3.208112427766806
3.2239403689403687
3.2397877692743764
3.255408163265306
3.271024187452759
3.286494079113127
3.3020503401360544
3.3176059654631085
3.3331313513059544
3.3486989795918367
3.3643994839315035
3.3797211809894026
3.3950585446299733
3.410635545556805
3.426290102460737
3.441885611387412
3.457902573340602
3.4723265306122446
3.489895666131621
3.504751900760304
3.5218776663207656
3.5375021303638228
3.5531523252575883
3.5688689342403626
3.5844664115646254
3.599666882626066
3.6145252121467144
3.629261316340882
3.6441812220383647
3.6590409003107416
3.6738997338065658
3.688630118714152
3.703351430315716
3.7179937436822117
3.7325534900428816
3.7473211708925995
3.7622846325074373
3.7772957754530383
3.792268774176337
3.80733406356893
3.822658447994582
3.838056365403304
3.8534460143031573
3.868849458301839
3.884127657663725
3.899449771876622
3.9149116313191943
3.930555127711462
3.9460789871504156
3.9613907330000275
3.9766893424036276
3.991922284065141
4.0071031746031744
4.022478063689244
4.037543110267363
4.052468184552732
4.067357441954286
4.082655184251655
4.098250915750916
4.112941146155431
4.129990516652758
4.1458356924550355
4.161862474719618
4.1781001746791215
4.1939274228209795
4.209621479113733
4.225544217687074
4.241416301680489
4.257046485260771
4.273119803476946
4.289034769463341
4.304931972789115
4.320654356980887
4.336352145796591
4.351830393174218
4.367206707244302
4.382603401360544
4.398141388010603
4.4137199993498
4.429637271575296
4.445772180047542
4.461896472874864
4.477971749469944
4.494171855495727
4.5274269858319265
4.535727929589915
4.545019882349075
4.5533861943045615
4.561719007237598
4.570001004621258
4.5780945144015055
4.586325933882325
4.594659863945577
4.603157823129252
4.611615016376922
4.620136054421768
4.628684210526316
4.637257653061225
4.6457215007215
4.653934240362811
4.662620791906506
4.671001511715797
4.69542328042328
4.710096887239745
4.724063006154843
4.738727700870558
4.753547296594478
4.769067009116571
4.784793083900227
4.800393573781713
4.816059731909641
4.832119542652742
4.8487570861678
4.8654761904761905
4.881443688586546
4.897228701004211
4.912214372928658
4.927271863700435
4.941878635512176
4.957176060900551
4.972559374627044
4.988396754535147
5.004669493368124
5.021040100250626
5.039045351473923
5.055503401360544
5.071965986394558
5.087908163265306
5.102689269256089
5.11795982543961
5.133245267099087
5.148590653652765
5.164278320023661
5.180288043145186
5.196953431779216
5.214829931972789
5.230935374149659
5.246000566893424
5.260913832199546
5.2810018293031495
5.296676352660269
5.312283695475377
5.32774702473582
5.34335642899135
5.359462202551704
5.375828695114409
5.391922578555231
5.40808596165739
5.4240199042579995
5.4388993197278905
5.45377011121909
5.4692007586444715
5.483261526832955
5.5005190771960955
5.516479462013813
5.531639739229025
5.551411049268192
5.559805096641831
5.568025951121189
5.577328623757195
5.585933484504913
5.601136878994021
5.616699263038549
5.6319352869352866
5.646674144835239
5.661281619443894
5.676526057716534
5.692116351044922
5.707900653981399
5.723832599706549
5.740433038887197
5.756732466796242
5.77125602324263
5.7866077650572425
5.801987366375122
5.817461577223482
5.83329365079365
5.849733560090702
5.863707482993197
5.8775943710817655
5.891589226885722
5.905820491461891
5.920347676550684
5.935924220470379
5.951459276128191
5.966843391119888
5.982309145880574
5.9987940780176805
6.014036659108087
6.029578966721823
6.044692257855523
6.0601968666254376
6.075835000666933
6.0918707482993195
6.107935635792779
6.123614718614719
6.139118885649498
6.154404175463289
6.168973027807614
6.183711993758077
6.199049705215419
6.214403655220388
6.230219093810364
6.246019480519481
6.262316195709053
6.27859150217464
6.294565714285714
6.310643642072214
6.326887528344671
6.342782166630093
6.358628117913832
6.374177194687399
6.389499514091351
6.404900226757369
6.420462018140589
6.435767297910155
6.450815729800692
6.465881671665082
6.481281478487985
6.496710159473626
6.5118387990116675
6.527566586995158
6.543304383241971
6.558812358276644
6.574275793650793
6.590186057328915
6.606373428159142
6.622436507936508
6.63838246409675
6.654616132167152
6.670166288737717
6.685570895024676
6.70077380952381
6.71569801833777
6.730693680820882
6.7459243466839185
6.760893539336639
6.776683464419752
6.792681963272919
6.808835353125797
6.82555425732634
6.841647368167124
6.85721837162538
6.873411324125609
6.88981612935029
6.905963718820861
6.921065759637188
6.937539682539683
6.952814058956916
6.9682792604221175
6.982984987098288
6.99828550170068
7.011152077555761
7.02614602345003
7.041642614974792
7.0570801059697805
7.0729393121854285
7.088626733136002
7.1043361678004535
7.1219246031746035
7.13852564102564
7.1550883160281655
7.171051587301587
7.187128999748047
7.203040549553155
7.218951762523191
7.234541950113378
7.24958398744113
7.2627785596997425
7.279782003710576
7.292765684051398
7.307176618795666
7.321932985960342
7.336888214745358
7.351576908541194
7.366374110897921
7.381305212026623
7.397552650937744
7.4120748299319725
7.427327404857525
7.44281435154707
7.458110794705479
7.473177008177008
7.488543330375628
7.503333333333333
7.518693625598387
7.533369236583522
7.548692656549799
7.564945578231292
7.579999190152252
7.608051630908774
7.621755338951501
7.636658429753668
7.650765148024681
7.665109021386332
7.679638498615526
7.694375418111051
7.709124075286091
7.724222306206433
7.739733124018839
7.756468133352632
7.771374603174603
7.787931648850016
7.80394719792679
7.913102809751352
7.928225949939321
7.943849470493096
7.959324161036964
7.974949885132755
7.990509259259259
8.006085461507007
8.022325882734046
8.038775853775853
8.05433621933622
8.06966472303207
8.142229059127837
8.156990180094075
8.172258846973133
8.187672413793104
8.203683243412309
8.21862665496306
8.301897143337053
8.317101058407015
8.332199164309918
8.361058201058201
8.38348828420257
8.392568027210885
8.399739229024943
8.406866969009826
8.41685185185185
8.42281179138322
8.448404452690166
8.458115924732466
8.467672582076307
8.477645670613924
8.486102538576406
8.531172839506173
8.547762859529776
8.563415366146458
8.627223441347866
8.642348303870044
8.657770741286205
8.673526006893987
8.689093031807317
8.706046606344803
8.723146773861059
8.783355412340374
8.799803004535146
8.815368626082911
8.869036796536797
8.882615088363387
8.897839194309647
8.978997113997114
8.995071806500377
9.0110576611597
9.027504913076342
9.116076102955802
9.130878880287748
9.146449388498569
9.161795432458698
9.17810832924235
9.192991962461551
9.209708199069102
9.224884353741498
9.26319179284617
9.277661782661783
9.292294060886766
9.306700608056385
9.322119254604656
9.346118261965922
9.36108651007573
9.377103628117913
9.411961451247166
9.427430839002268
9.434827664399092
9.443869992441421
9.450802927231498
9.458202947845805
9.466286848072563
9.473965986394557
9.48102166792643
9.489414210128494
9.497239229024943
9.505336896663428
9.512193877551022
9.521155202821868
9.668785759637188
9.686114084978254
9.701152089407191
9.717921278965235
9.729529478458051
9.75845804988662
9.774093301554197
9.791553406702995
9.807611123302367
9.823241226649388
9.837885572139303
9.853069191640621
9.869787853285644
9.885682123189412
9.900846088435374
9.91579365079365
9.933101716877227
10.000803908865132
10.017125850340136
10.035019225081337
10.063135611968365
10.069475758557392
10.080033094318809
10.08816524163182
10.097117636170115
10.158170667716123
10.172839366199154
10.18727857581909
10.202492294652489
10.216644863073435
10.230604136391399
10.24624496400502
10.295182551617138
10.310756586640636
10.327631753850966
10.341318040644378
10.355697197539303
10.363944237193085
10.373284742468417
10.379746894062789
10.423370835513692
10.438590325018897
10.453253968253968
10.467956916099773
10.483003628117915
10.4974822845805
10.512432093404739
10.526356009070295
10.539794806811614
10.55498329156224
10.569467120181406
10.62961186696901
10.644839650145773
10.676860348737197
10.69064903949001
10.704942160439055
10.719257437914926
10.733553190568193
10.748546351874083
10.762774035722664
10.77786663216011
10.792256811353983
10.807294862389401
10.822048012187333
10.837441638525915
10.85226498218335
10.86679927043281
10.881318405139835
10.895541449137795
10.909703192988909
10.924028214934397
10.938508577343981
10.953188532555881
10.967764928193498
10.982431843949701
10.997825396825398
11.010348234531909
11.024798392084106
11.041666666666666
11.05629329004329
11.071077097505668
11.085372063492063
11.099459281655049
11.113752834467121
11.127182024324881
11.141049697656841
11.154851957768246
11.169782915049257
11.204838120433358
11.21989108774823
11.233517573696144
11.24890022675737
11.304533786848072
11.316675375464195
11.330091369881286
11.343972625194656
11.35922835800987
11.37401581214141
11.388158741329043
11.407084106369819
11.421098356009072
11.43722582154555
11.447306397306397
11.46179767493852
11.476462667792179
11.491342184185502
11.50597732426304
11.520372260015117
11.534422559721564
11.549446188731904
11.563231292517006
11.580136054421768
11.592250421536136
11.607564102564103
11.62151774223203
11.63638269261193
11.64952800873436
11.662803836083237
11.676015460729745
11.69043174087817
11.726596993262199
11.741872312143249
11.757710929705215
11.772682856088172
11.796337868480725
11.81330183925422
11.829756235827665
11.936759914850294
11.951348424427243
11.965783509383652
12.017421444768383
12.026320861678006
12.03530045351474
12.042703703703703
12.050520063097702
12.059484126984128
12.083952716889225
12.097835226594626
12.113645566451689
12.127685934334286
12.142411381757004
12.157483723432875
12.209993117869715
12.224881607584408
12.23950328407225
12.255380014074595
12.270195501624073
12.285300615484289
12.300317169602884
12.327476888191175
12.341574829931973
12.359947129729084
12.371900165471594
12.386149713853795
12.400286092214664
12.408480972098985
12.416484154637464
12.426438908896893
12.434641468066255
12.442733938019654
12.450343354546119
12.459679003434172
12.480956862226533
12.490481105737093
12.503341562431425
12.518515400604686
12.533564211700352
12.548036775231507
12.563058281250798
12.577227633477634
12.592434492315444
12.60850499078136
12.623091321377036
12.638700732701558
12.653303942936398
12.668561945990518
12.682725196358737
12.69653015260158
12.710603662025559
12.72445827664399
12.740413750041078
12.75206611708723
12.76613209002422
12.780265306122448
12.794746909516494
12.8089410430839
12.82464172335601
12.839826586372254
12.854490826633683
12.869169096209912
12.884410430839003
12.921474050294275
12.935604912623733
12.965800141617986
12.98065272641495
12.99744636899829
13.013043070792865
13.028760037849727
13.043806067881698
13.060715382927365
13.121777952206523
13.13731150793651
13.153668367346938
13.168354675203414
13.183935600907029
13.198197278911564
13.214034236645478
13.22987609329446
13.245032879818595
13.260536858018062
13.277698412698411
13.294081266915368
13.309098639455783
13.32390518707483
13.340118025352217
13.35638412097731
13.372503509340245
13.387791675810108
13.402422256822803
13.417757475083057
13.433202267573696
13.448399218946838
13.463975083210672
13.479350953496153
13.494814157547076
13.51293710466643
13.525402562631479
13.542532254281024
13.557330052588412
13.570101204844457
13.584359305837957
13.598663533513765
13.6126673925896
13.627627502318225
13.64285455320964
13.657192525545783
13.671772768021938
13.686259803720281
13.700532652736822
13.7152828180348
13.729609542447117
13.744056262769133
13.758798544734349
13.773520408163266
13.788118813663031
13.802703434841497
13.81724677026774
13.831724386724385
13.846748483177054
13.862012553813797
13.87656462585034
13.891288394145537
13.906091451358868
13.921024670519838
13.935879203020082
13.951167800453515
13.96573368606702
13.980404875954326
13.995413436692507
14.009999627711782
14.026377098896818
14.040702664399094
14.056510401261953
14.073359788359788
14.080561224489797
14.087261904761906
14.141672832875841
14.155260847755205
14.170184299006959
14.184846261355695
14.199320001092806
14.213814186965108
14.228780801209373
14.24318339796978
14.257172794211318
14.272153598281417
14.286282018980433
14.300757812703626
14.315274589002268
14.329837578442229
14.344641942798626
14.359431362288506
14.373554421768707
14.388392427678141
14.40161829176115
14.415313368455152
14.42851647517061
14.443026623982927
14.458095873015873
14.472542202066013
14.487254154826488
14.50177798392084
14.52358560090703
14.532471655328798
14.547942176870748
14.563715986394557
14.579460641399416
14.596131119114313
14.612867287265784
14.645400397601962
14.658568376068377
14.672066659997332
14.68646768707483
14.701227106227105
14.717982583104163
14.725430839002268
14.73343537414966
14.741795358836175
14.753752674778832
14.767717171717173
14.781053087901826
14.795124338624339
14.810443357898716
14.82524903528663
14.83969980812838
14.855028222320103
14.87076584774037
14.88537971027052
14.90037632561442
14.914154433703306
14.928657059314954
14.943056070913213
14.958110179472305
14.972408077154912
14.987678246161853
15.001791299853274
15.015973456049087
15.030074910916747
15.04427946392232
15.05877955142453
15.072573429371749
15.086553418302186
15.100545104187079
15.115653762937841
15.12971912845054
15.144481768376451
15.160023798656843
15.174025759888442
15.189795554974127
15.20376816075574
15.219026697235064
15.233416863343976
15.249055933484506
15.264300302343159
15.278728152027773
15.29324279860312
15.308545826932924
15.324653883531436
15.339918078012609
15.355135373176452
15.369905102040816
15.3846904418333
15.399306563788826
15.415796608498471
15.430219633576145
15.47858692712559
15.492653533635677
15.507683982683982
15.522556190476191
15.537492023710069
15.55218804188342
15.566768504113154
15.581394801648258
15.59589239223026
15.611162677065249
15.625356670445957
15.642342671150859
15.65690428326124
15.674867760188187
15.6900390526581
15.707152336344373
15.723786077537811
15.739700854700855
15.755869776482022
15.772190047190048
15.787581969724826
15.804285714285713
15.819751284480036
15.872323605770811
15.885763649049363
15.90204944368418
15.916412213309869
15.931330759817154
15.945492387431162
15.960220543345544
15.975403550309013
15.99015244612019
16.005305629498178
16.019938432212196
16.03497024814654
16.049310713356384
16.06413508260447
16.078347894713445
16.092810142238715
16.10719572273354
16.12229007875552
16.135877209331223
16.14845450680272
16.16520755200631
16.178020833333335
16.195612718625057
16.208650793650797
16.225624002687496
16.238334265212938
16.255085091275568
16.269461630266143
16.284490218973165
16.2994575028455
16.31406721736314
16.329450621347707
16.345274113328575
16.361095412523987
16.37554238530429
16.390184205369394
16.40535073544105
16.418264761904762
16.43374228761272
16.448917726510896
16.46389359517392
16.481258503401364
16.496403239974672
16.511377864935337
16.526740871997504
16.541327280912366
16.555650213573802
16.570576519916145
16.585601533046756
16.600754336366585
16.615881654249005
16.630559512395564
16.645292615596965
16.660150157624027
16.674108795291165
16.68811305474571
16.70389179138322
16.72049176852313
16.732662509448225
16.749468141611
16.764888682745827
16.79095319080013
16.809671201814062
16.825219954648528
16.83995166487648
16.855001971803215
16.870317851278443
16.885926303854877
16.90143537414966
16.915879277083967
16.927853141256506
16.942372667015526
16.956894717618592
16.971663880241362
16.986315192743767
17.001252564517873
17.01632197559875
17.030718208205855
17.045848456646507
17.06146211014947
17.076500321521646
17.092012903816237
17.107365916063397
17.12281196060514
17.138692905733723
17.153729531028098
17.168878378602052
17.184386856064013
17.201494430194664
17.216781769543456
17.231810845275376
17.24847966013715
17.26293021498005
17.27898762779966
17.2944967374705
17.310359325470067
17.32733647305076
17.3430514474751
17.358118444933982
17.375028797561267
17.390257443557136
17.405423112920147
17.420979254675633
17.436238646810075
17.4517154955699
17.46684840933073
17.48278925008739
17.498048043065467
17.513532841385143
17.529077246810935
17.54426527527111
17.561843537414966
17.577269265915323
17.59589230328147
17.61152477819607
17.62949427507629
17.64551186696901
17.665727770398103
17.684845461994325
17.703157744257126
17.72108253968254
17.73846560846561
17.755916041630332
17.77483470581215
17.79171839569161
17.809566774078053
18.000038015206083
18.01610326181755
18.0308974509344
18.085537868480728
18.089761904761907
18.0937194175916
18.09814814814815
18.10208994708995
18.21277777777778
18.22192630385488
18.22670489901387
18.230944623463422
18.235544217687075
18.239924757781903
18.243669690098262
18.24814814814815
18.256580111719487
18.261702133844995
18.26605442176871
18.270569160997734
18.274875283446715
18.288408919123206
18.29793317326931
18.302526251526253
18.306886621315197
18.311462585034015
18.3156179138322
18.3197656840514
18.32422902494331
18.346316937031226
18.35059016589092
18.352773242630384
18.357063492063492
18.38202947845805
18.386976568405142
18.391289682539686
18.395861678004536
18.400251700680275
18.408768707482995
18.416882086167803
18.416882086167803
18.42174279235504
18.426059280855203
18.430701688082642
18.435015117157977
18.439104308390025
18.457815030774217
18.462651801461327
18.46702291442893
18.471543209876547
18.4758843537415
18.550706727135303
18.554455782312928
