File type = "ooTextFile"
Object class = "PointProcess"

0
15.7881875
2072
0.12220326576576576
0.12635000000000002
0.13032467723004695
0.13418438697318008
0.13800297970843184
0.14184919270833335
0.14566261766334443
0.14946363993710693
0.1532661847741433
0.15704620881782946
0.16074775641025643
0.16437936536608863
0.1679873847061347
0.17154701450892856
0.17515259626194493
0.17879800940646529
0.1823839936247723
0.18588695987654322
0.18940532407407407
0.19293870967741936
0.19675337441314553
0.20070312949381652
0.20420367660720923
0.20865266927083334
0.21145919795783927
0.2152266287878788
0.21899307904826343
0.22279370759117897
0.22664589814814814
0.23026723026020637
0.23390175981704597
0.23757822624190064
0.24106617928134558
0.24486612654320988
0.2486338141025641
0.25273021788990824
0.256257238700565
0.25999866452991455
0.2634812195863747
0.26841458333333335
0.2720703393470791
0.27556488228699555
0.27912120144110275
0.2827767255892256
0.28642610997267764
0.29014823857060185
0.2939033814102564
0.2977026398241676
0.3015102697806502
0.30535851640038736
0.30925806359044994
0.3131599702380953
0.3170731929510155
0.3210290585975024
0.3249981432990322
0.3289767864671163
0.33295268004115225
0.33693978991979584
0.3409102365780077
0.3446536866706876
0.34880956895048815
0.35268158191382765
0.3564481800093633
0.36029736505122145
0.36423206510733086
0.3682273921460177
0.37209079238169523
0.37658643465909086
0.3800176225490196
0.38397994700929156
0.38841656858129314
0.3918020833333334
0.39582857302867386
0.39983710839598996
0.40366815476190476
0.4075522889254386
0.41172395833333336
0.4156829849260523
0.4196757075471698
0.4235459628060264
0.4273754783163265
0.43129644869513645
0.43576783192090396
0.43936484053497943
0.44357151217228463
0.44727133899676375
0.4511542752764613
0.4555537760416667
0.45937161144578315
0.4958126432172319
0.4993356109671848
0.5034962062757202
0.5073117416317992
0.5111145833333334
0.5147392799352751
0.5186739282273604
0.5225439205653022
0.52628498783032
0.5299514399509804
0.5338500998858448
0.5375762429971989
0.5415666666666668
0.5453817261904762
0.5492608438485804
0.5530760604354354
0.5569786706349207
0.5607721688034187
0.5648390522875817
0.5726431686046511
0.5765161979166666
0.5803786502849002
0.5841679166666667
0.5883874491869918
0.5921400983146068
0.5969534841954023
0.600779611423221
0.6044998172514621
0.6085997983870968
0.6473495448573574
0.6509128768486917
0.654482878704384
0.6580205325896763
0.6616489386792453
0.6652164644866385
0.6688013615922718
0.6731350408680946
0.676043777056277
0.6796586309523809
0.6830417385057471
0.68670348324515
0.6905631944444444
0.6936997530395137
0.6972619642857142
0.7605266927083333
0.764459988317757
0.7680754061844863
0.7711301256613756
0.7752356350806451
0.7784272213024283
0.78196875
0.7854975432389937
0.7889920762108262
0.7935131523569023
0.7965009002057613
0.7999902052238806
0.8035386824324324
0.807016748366013
0.8107378177966101
0.8143565613026821
0.8179234783702213
0.8214449127906978
0.824851957070707
0.8284675099206349
0.8322526969517023
0.8357741987179487
0.8393945530726257
0.8429107108959757
0.8465092751141553
0.9375778508771929
0.9428036971830985
0.9477902486910995
0.9527064092356688
0.9575108468534906
0.9622308076484019
0.9668366961942257
0.9715266702586206
0.9762305571818892
0.9809392737358101
0.9856457274011299
0.9904631789693593
0.9952687317251462
1.0002121710526315
1.0044495614035085
1.0374609166666666
1.0423551450276243
1.047161111111111
1.0519598214285713
1.0569358552631578
1.1198348100255426
1.126248922413793
1.1325440915300544
1.1387592213114752
1.144898237179487
1.1509908730158729
1.157022889254386
1.1629844732704402
1.1688742843511448
1.1749732789855072
1.1811335526315787
1.187463183842239
1.1939355763646922
1.2004199999999998
1.2068979166666665
1.2139424818840578
1.2201658826164874
1.2280075665038002
1.2347032919847327
1.2415934062156213
1.2485291144646924
1.2574977912303664
1.2655335435779815
1.2693785197218421
1.2728793446398659
1.2765672710768685
1.280863051470588
1.2847984247967477
1.288968065593517
1.2919686020960106
1.2961787451830442
1.2997650462962962
1.303429146039604
1.30707319104735
1.3106573707172589
1.3141393091461024
1.3171841976516632
1.320778351449275
1.3242478152309611
1.3279921948082318
1.3311083439086293
1.3340312499999998
1.366238413179148
1.3722910391566263
1.3776539161175176
1.3831517893349552
1.3880977182539682
1.3927219452965234
1.3976431060169163
1.4025578937308867
1.4086504151002506
1.4682200923065607
1.4749089823892518
1.4816775762764631
1.488388924749289
1.4949480899495904
1.501742702762923
1.5076652695466832
1.5142502083333331
1.5260920468487664
1.5293499699036917
1.5328626868678448
1.5363488265244636
1.5398968456947995
1.5433904989919354
1.5465516879722367
1.5503653909874089
1.5541522084295611
1.5577979609340415
1.6102707295127352
1.613796209273183
1.6171094444444443
1.6202020488980715
1.622985119047619
1.6270764544025156
1.7155158809813462
1.7192541282426148
1.7229253396243616
1.7268057298041612
1.730379333892975
1.7341116757095156
1.7378951089955847
1.741703332283795
1.7455133824143692
1.7493819226457397
1.7532442308379808
1.7571484206678978
1.761038155631986
1.7649278450639854
1.7688282007575755
1.7727490006419233
1.7766854084645667
1.7806801505285013
1.7846901892072293
1.7888258532528338
1.792996715974104
1.7973208983674198
1.9831042195431472
1.9877657196969696
1.9926074695121951
1.9973906719219217
2.002679972627737
2.006989583333333
2.012008025956284
2.016956697658402
2.0217976973684206
2.026427083333333
2.0316834392655365
2.0361493818681313
2.04100625
2.046025049603174
2.0507962398373984
2.0558270833333334
2.0609153017241377
2.0659917619825707
2.071474264705882
2.0768522308259585
2.081890899122807
2.0877635416666664
2.0930821314102563
2.0986840277777774
2.1044915674603173
2.1103770032051283
2.1164822303921564
2.1220187499999996
2.127912027310924
2.1339810049019605
2.1401130401234565
2.1464774709302326
2.1522779471544715
2.159163496376811
2.1995484928359015
2.2034234613848964
2.207282348659635
2.2113155930034125
2.215498232390608
2.2199348456152435
2.2243220671267254
2.228870849156118
2.233302979809791
2.2376805940502584
2.2423159894755003
2.2470388116399085
2.251484923556059
2.256085483226837
2.2608241651759093
2.2657070596366506
2.3054849345730024
2.377381387105404
2.3806595337240384
2.3841777656220593
2.3875352997934334
2.3909238521836507
2.3943668355855854
2.397518779342723
2.400889721657633
2.4038949696398655
2.407329808601134
2.41978907571912
2.429491800742574
2.438780056901615
2.4483053797468353
2.457918549196787
2.4662865943420376
2.469946659482759
2.473163547551789
2.4764680706521736
2.480144415357766
2.4834864170337734
2.4870443599960645
2.5474089966832505
2.5522018638800517
2.557890417404783
2.5627248924365937
2.567480530681151
2.6156818934282855
2.6222727633596143
2.629160310170394
2.6357310175619832
2.6427259935897434
2.6495523809523807
2.656436559483248
2.6631497222222222
2.670008173076923
2.6767763229360644
2.6834669894366194
2.690238460847701
2.6968764423076923
2.7039815318035427
2.708523219457609
2.713208518244576
2.717780010842627
2.722330831839904
2.727154578557784
2.7317589980033627
2.7368136574074073
2.781423076923077
2.7883243670886073
2.7953089894106813
2.8018285984848483
2.8085610119047617
2.8153379592651757
2.82234445861678
2.828856579566855
2.833704919467787
2.838352899552396
2.8427036401098897
2.846955599390919
2.851178754230118
2.855334083919156
2.8595001447817605
2.8637171343537413
2.8679730102996253
2.872232022583201
2.876574972587719
2.8808935840321452
2.885242447694278
2.889657700245426
2.8941127382286993
2.8985654874213833
2.9031028052178316
2.907896326013513
2.912347679801895
2.916867396390374
2.9214746666666667
2.926061567982456
2.930538862179487
2.9353735474767593
2.940272924484052
2.944729001322751
2.9495433884297517
2.9541986658105017
2.9592644744936587
2.963779304947727
2.9683317418242203
2.9724624410882603
2.9771072097378277
2.9823806678921567
2.9866360262740796
2.997623368204578
3.0019434417517004
3.00637170887663
3.010728062913907
3.015029932546374
3.019407506652868
3.023770841028482
3.0281101790753646
3.032468954114957
3.036885635580852
3.0411122916666664
3.0448760308368628
3.049150686322287
3.052779245283019
3.104550219648562
3.1099089144336176
3.1150475461282516
3.120131958389112
3.1253334074733092
3.1309372946780547
3.136372046493902
3.1418762144992525
3.147255984042553
3.152762710511033
3.1582906549247607
3.163519167661098
3.167842547582304
3.1722457072526415
3.1764198078165373
3.1806942852140856
3.1851179848291955
3.189436203410689
3.1937459177927927
3.198086150779995
3.202450420797191
3.206674922429078
3.210945501974055
3.216319084578276
3.2206574176499507
3.225008491847826
3.22931793261563
3.233577482502187
3.2379170780254776
3.2422313955604074
3.246886166452442
3.250742733283433
3.255038255360623
3.3399847656249997
3.3469018692358365
3.354550058114962
3.3613051548338366
3.366675363149847
3.3721684970713524
3.37736265015015
3.382649203157581
3.38803441477829
3.3932842478442464
3.3986317758899673
3.40381356314433
3.409219514525994
3.414817897367208
3.421193298787366
3.4279637369347875
3.4343771773182956
3.4423789177358994
3.4505785368933233
3.4584440673960017
3.466611663575158
3.4746328381387714
3.4823766488693466
3.489936803867962
3.4983422598578633
3.507462872930334
3.51676804760666
3.5260659120450604
3.536756263227513
3.550473578918322
3.5581493152274835
3.5625692672902494
3.566896556499261
3.572031024639423
3.576298934108527
3.5807881055008206
3.5853723999735028
3.5901221917884016
3.5947636006289305
3.701214641545764
3.7046671066252586
3.708520029174147
3.712396239177489
3.7158569026104415
3.719287098560354
3.7231431132903983
3.7268583898073673
3.730500889622153
3.7342645522194564
3.738107010832187
3.7417677524937654
3.7455857790432194
3.74945267958951
3.7533726415094337
3.7573150537133633
3.760987518030422
3.7652528193257355
3.7691196266138496
3.77283320473251
3.77680070429472
3.7806962461817486
3.7848060529875323
3.788588583002645
3.792549328333679
3.7962946343212236
3.7998032871629275
3.803507236941425
3.807967788896427
3.8126048172184595
3.8171240676701927
3.821349477491961
3.825110053630363
3.8290168617277986
3.8327899491434687
3.836620166616253
3.84118931110267
3.8457670530913974
3.8502782932813284
3.8548533975878674
3.85941381102212
3.8639237065018315
3.8683126179957705
3.874313667195208
3.879982907940663
3.885661600310856
3.891447020609319
3.8985140712012725
3.9050850134408597
3.911730247233748
3.9159450180521307
3.91982607923768
3.923723999622499
3.927565058479532
3.93141349484026
3.9351584238086086
3.9385326607142854
3.942157540512284
3.9457552221852836
3.9503692643431982
3.954905898447053
3.960500948748044
3.9649848246869035
3.970494560317008
3.9760696205854424
3.9802901058201052
3.9855808664278194
3.9899207569808026
3.9942006044533636
3.9986203696760647
4.003341041407223
4.007875118821293
4.136985522254711
4.140911276809652
4.144752615062761
4.148529917437852
4.152516693376069
4.1563675277002945
4.160141288433382
4.163967868165786
4.1678384912590465
4.171706404320988
4.175584417499306
4.1794558872661325
4.183300146287329
4.187153635620915
4.191047550015941
4.1949317327330125
4.198802225107451
4.202658714235869
4.206524854129264
4.210453410656149
4.214366472999399
4.218188486896495
4.221990867875648
4.2258366017964075
4.229349941724942
4.233106650228702
4.236854634353742
4.241226386698212
4.2445214009990915
4.248710718538828
4.252531861024441
4.2563449724938875
4.260043551278728
4.263626542630419
4.267394767197986
4.271141508899676
4.27493386686992
4.278761124213837
4.282562855424323
4.286390312275018
4.290222852052005
4.2941102232627575
4.297986421025204
4.301776937618148
4.305567312726062
4.308324340252265
4.311445318994181
4.315988564944135
4.320339741604735
4.325011785279806
4.3293124094202895
4.33377601777523
4.338250308726674
4.344050665357766
4.349804909003832
4.355635495283019
4.3612778897849465
4.367111200980393
4.3728484251968505
4.378943674585218
4.383449431818182
4.38777097362514
4.392280478395062
4.396004861111112
4.400503194840704
4.40495370645289
4.408630952380952
4.425040334815129
4.430860445601852
4.436566176470588
4.442411982419617
4.448296589654826
4.454272633744856
4.587166460803689
4.591787891689374
4.595393853305786
4.599081120801033
4.602922554347827
4.606532841435186
4.610953308207705
4.61382342948718
4.617663194444445
4.632797857354685
4.636860948581561
4.640478680915371
4.644982214800679
4.6496314311594205
4.6535592641843975
4.6573786407767
4.66123029618474
4.665173646632566
4.66929606042654
4.673921670332356
4.678130895229469
4.682444297542736
4.686855667510384
4.691245050030907
4.695873225062123
4.700093199866054
4.704964164947272
4.709769855797968
4.714608191943675
4.718319202022915
4.724040007023745
4.727991405662152
4.73274282041961
4.737541721615172
4.742434483194339
4.746493959407216
4.7520288932880845
4.756937479812661
4.761741898148148
4.76596214975441
4.769398016552512
5.11981289160401
5.1238680788590605
5.127645728114478
5.13190859082397
5.135973919172932
5.139675217661692
5.144302491830066
5.147959307553957
5.152169861111111
5.155905657582939
5.160130208333333
5.16434748931624
5.167568452380952
5.171896548202615
5.254469599514563
5.2597045666666675
5.265192589962122
5.2705833697807325
5.275911416422824
5.281316607284244
5.286709166193003
5.292050921058779
5.296408745462795
5.319017105173356
5.326118919683258
5.333362769377824
5.340504751911002
5.347565972222222
5.354606353116408
5.389289496527778
5.393345337610161
5.3973575363980855
5.401705112007169
5.405658480675307
5.409752555555556
5.414040120936382
5.418294158659156
5.42252756656244
5.426743932768832
5.43098043138337
5.435232191969197
5.439437356604392
5.443607129765396
5.447408881912735
5.4652673611111116
5.469697619047619
5.474290705128205
5.479045814418504
5.483369240685296
5.4878319892473115
5.492134310217177
5.496151295336788
5.500883395321259
5.571035077138432
5.5752400895342955
5.579789765559293
5.583940672069417
5.588030624418064
5.592431537154243
5.596954792925478
5.601302452177452
5.605250532238443
5.609932992788462
5.61336990694165
5.617698664642732
5.621926801038844
5.626320740796319
5.635562802917903
5.640360258724429
5.6446514348998456
5.6490754888205945
5.653108815479844
5.657526626872659
5.661864943181818
5.666844411375662
5.671178020062607
5.674703993055556
5.679590208166266
5.683563799130764
5.687289880952381
5.6916431060606065
5.69538930771725
5.699760045471418
5.7040635174418615
5.708066161831627
5.712362667624522
5.716024043501049
5.720260627104378
5.724496182126697
5.72870845959596
5.732960894808744
5.7372525
5.741411854288499
5.745653130032206
5.749679238505747
5.753923853359173
5.758140942476661
5.762054942109778
5.765951963429257
5.769688771389908
5.77336255774698
5.777043156035959
5.780746805826823
5.78467258134625
5.788787626761109
5.793271366040255
5.797276102369853
5.8017107495704465
5.806084978070175
5.810412476392823
5.814731940335306
5.819110669498382
5.823498161038704
5.827829250446827
5.83217739108328
5.836522267866458
5.840898007043132
5.845146012443439
5.849557327752117
5.85317841819222
5.858110863095238
5.869650299097533
5.876042239630298
5.882460588103757
5.888815006532606
5.89618411828594
5.90316175706567
5.908886352996255
5.914574910383438
5.9200299586133935
5.926420418364748
5.932568055160311
5.94022507936508
5.946455747377623
5.954132234630164
5.961921187106919
5.96953364769821
5.97732911849711
5.984916766506922
5.9926866601838755
6.000063836976963
6.0061298174442195
6.012334225200887
6.018569668552669
6.024742982268492
6.030821527777778
6.038604359951403
6.046115866065111
6.05401770515752
6.061485427822401
6.069094867972743
6.0769091056155755
6.084915857351713
6.092069810905893
6.10003544628752
6.107727144866385
6.115371743443754
6.123166226048445
6.149942306412985
6.153780798736462
6.157574225788289
6.161394188596491
6.164814486434109
6.169032762440354
6.172751868153365
6.176735432988249
6.181311829208799
6.184945491226494
6.18875214354528
6.192318640747438
6.196749923487234
6.201263411060143
6.204868731146305
6.209002164502165
6.212846567234848
6.216589214247599
6.221096523925104
6.224862532993966
6.228762906948494
6.232918504901961
6.236747488839286
6.241276760662178
6.244951900095603
6.248858333333333
6.252821767769608
6.256676724137931
6.260575704529737
6.264850528394534
6.294559580449827
6.301029042674951
6.307467640157281
6.313992850553506
6.3204431588812
6.328389168992051
6.334818645576555
6.3411781146864685
6.346802118230039
6.3512177716390426
6.35628507838644
6.360965744451295
6.366427827816834
6.839534126344086
6.843110171033479
6.846805980441324
6.850572437238494
6.8542078125
6.8608552350427345
6.867849851190477
6.8745058434959345
6.881464210893855
6.887687070446735
6.894433860441767
6.900719891552511
6.907371744791666
6.913234512061404
6.919797501728907
6.926251466049383
6.932569791666666
6.938721726190477
6.944906103286385
6.951050127858002
6.957216332480091
6.963394538288289
6.969326884920635
6.9765877005165855
6.982779277259684
6.989634040014685
6.996147048073616
7.003546713441654
7.0101966896073415
7.01603904886562
7.022667489527229
7.029464108910891
7.035960571226172
7.042507149327122
7.0491480928043435
7.055801609019264
7.062670419359181
7.066034841954023
7.069249653767015
7.072733366141732
7.076236974030243
7.07956581931173
7.082970654594468
7.087185789069646
7.137572393455099
7.146274573863636
7.153983097826087
7.1623112240163325
7.170449171686747
7.178777148437501
7.18645366010274
7.191439503205128
7.196458327562327
7.201392127824435
7.206402626465342
7.209772352138478
7.213181385869565
7.2165672274387065
7.219898011033682
7.2232261741852275
7.2265940009176415
7.229909952779164
7.233230642979678
7.236488997781065
7.240312291157295
7.243608191287879
7.247550952842377
7.251238655689549
7.2548358338859416
7.2582786899717515
7.264722175700365
7.268175532691186
7.271953328804348
7.275349478221416
7.2788163109756105
7.282173752960332
7.286032209633482
7.28908042996454
7.293527267156863
7.300375489600216
7.306511137127762
7.313325696949203
7.320183984778121
7.327340718822171
7.333796069587629
7.340578953103208
7.347611111111111
7.354308563266444
7.5779458166284845
7.5861944816202715
7.5937807001466275
7.603166101075959
7.611167864817848
7.618859944388554
7.811060416666667
7.815114987864077
7.818879159035409
7.82248685897436
7.826299474637681
7.830597602201258
7.83434170816733
7.837768776539278
7.841896465037129
7.845217506218906
7.848951521629779
7.892633014855257
7.896518817204301
7.900449309506875
7.904495963430282
7.9083666574483775
7.912414156278855
7.916109456126687
7.920706013681592
7.923986155801157
7.928671901285749
7.932705673004162
7.936757370416479
7.940844705784574
7.944883007912201
7.949066489061795
7.953336665263749
7.95721242528496
7.961345879434493
7.9656141098484845
7.9695480719461695
7.97369515562249
7.9775429985419475
8.008009623854829
8.01384365068856
8.019628130519807
8.025483874403545
8.031570833333333
8.037269377240143
8.042842299883992
8.04879868323442
8.055288293297746
8.083831565315316
8.08936627739331
8.094916532474503
8.10181777753707
8.107344632899629
8.112839208926454
8.196211805555555
8.200605534511784
8.204780736502347
8.209230636503067
8.214181712962962
8.218457375478927
8.222843368611747
8.22845278105346
8.27201095890411
8.276734908716136
8.281372332498808
8.286029177206295
8.290654523273274
8.295165813577587
8.30063267751791
8.306107066151203
8.312535788690475
8.31772820807771
8.323131758905854
8.327902543456034
8.398202125420877
8.402671393171806
8.406377951388889
8.41043162642783
8.414529592803031
8.418796212121212
8.422946555695141
8.426159722222222
8.429538915094339
8.433660282258066
8.43721464201878
8.440347732843138
8.444509276533996
8.462496017156862
8.466540142276422
8.47060260115607
8.474539467897976
8.47860302734375
8.482551384897828
8.486520237198794
8.490469945231178
8.494400844915656
8.49836370776679
8.502324159807957
8.506272669549698
8.51023077512255
8.514171604845194
8.518103733841182
8.522083371601765
8.526044846959982
8.529951081097268
8.533946574642126
8.537148737797438
8.540747840011434
8.544789299242424
8.547787290756913
8.551760416666667
8.555104191547239
8.558540410917454
8.62141966276477
8.624860745614034
8.628925083333334
8.632941413776493
8.637176316462169
8.640723499811887
8.645091171617162
8.648627333788708
8.652522948595147
8.65632200091575
8.660104346264367
8.663672083333335
8.667313465250965
8.671433400848764
8.675799206184138
8.679931177325582
8.684071420187793
8.687890134383448
8.691744776302851
8.695476947881287
8.699269050078708
8.70306415999768
8.706734999139119
8.71049186000289
8.713831589172248
8.718659516550524
8.755289657407406
8.763461370114006
8.772015922619048
8.778026282514451
8.784351040821843
8.790711879097326
8.797359694211629
8.897433579749103
8.901425258515816
8.905519152404239
8.910252678571428
8.914123069398682
8.917910099876803
8.921639975890209
8.925368261255924
8.929125306903524
8.932778991895571
8.93632948269514
8.940032386363637
8.943632527447582
8.94714859771962
8.950659561011905
8.953806024774774
8.956964986559141
8.960466432416268
8.96417153069255
8.967704610409147
8.971110767543859
8.974655686936936
8.978180691964287
8.98197196825629
8.985318054529788
8.988951314102565
8.992498390151514
8.996068949259893
8.999796915881737
9.003392555090006
9.006969191384181
9.010531947636244
9.013954057712624
9.017473775831087
9.021068115397462
9.024477496430029
9.027985775089606
9.031008446848292
9.034585128828526
9.038125874025678
9.041728475834416
9.045312118437117
9.048904591625206
9.05241893939394
9.055985740975748
9.059577277682974
9.063185863665389
9.06687017778693
9.070517399267398
9.074237244530801
9.07790532286213
9.08144531504065
9.085058907453247
9.088631296641791
9.09220946969697
9.095773024594452
9.099341678106569
9.102895875908265
9.106458103197674
9.110038743722537
9.113494501209574
9.117218372546553
9.120743531443882
9.124394361920778
9.127670324074073
9.131541196817018
9.135071943146418
9.138663477294008
9.142204658431474
9.145755292145592
9.149264697030498
9.15292430015132
9.156606493340165
9.16027497615204
9.164150280256235
9.1680605062724
9.171916091621014
9.175846290106952
9.179871164529915
9.184260017560664
9.188298585199004
9.192448585339353
9.197041679181686
9.270688980116176
9.276601747936017
9.280890177704999
9.285727129247016
9.290915991512346
9.296526215923173
9.301574036214953
9.305875220814132
9.310392194323144
9.314775294654716
9.318965377756161
9.323095082169084
9.327253531407829
9.331234371726378
9.335378160001579
9.343194387655764
9.347470798186931
9.351625753072941
9.356891951161689
9.360687286324787
9.364744992502143
9.368542479863693
9.372242452273703
9.37659716445882
9.380649301499222
9.38451502935346
9.388757333448593
9.39261789001207
9.39641466527988
9.399975295083422
9.404143592767296
9.408129140516039
9.412066428899733
9.416121246663701
9.420252086676474
9.424107464943267
9.42820325854701
9.43225806568287
9.436504145872323
9.440097281273621
9.44497010536901
9.449389101613965
9.452566300217155
9.456841904571327
9.460065166625878
9.463758024412297
9.467332407153313
9.470978057686349
9.474870971010846
9.47801384897829
9.481498348825832
9.485093820264193
9.488573541167067
9.49210993546024
9.49598074468819
9.499107724622771
9.502709761904763
9.506843317610064
9.510059710665658
9.513704433760683
9.517248738465975
9.53305959051724
9.542568808915947
9.551976919254946
9.564769945478192
9.57530925275978
9.585785545532646
9.594976695736433
9.603867737244183
9.612880176767677
9.621783204160042
9.630726689189189
9.639426274271845
9.645754655235988
9.650549017295598
9.655494158644203
9.660504574184964
9.66564858804838
9.669740054970076
9.674518390610961
9.67954109848485
9.684560348731884
9.689592352961721
9.694616983274258
9.699638812758183
9.704720631386357
9.71101609848485
9.716116093366093
9.721003201970444
9.725754843173432
9.731015836967055
9.736049691591138
9.741677836345382
9.746829313973063
9.752448598710316
9.757939327322648
9.764141842532467
9.768972644927537
9.775411649816176
9.840133703399124
9.845134074184568
9.850257586846215
9.855455365456237
9.860387348931985
9.865257392473117
9.870510315040649
9.875182717505242
9.88054878008896
9.885500384128706
9.89002924293513
9.895434075342465
9.900351322642543
9.90534055444887
9.91039556451613
9.915326419322708
9.919894791666666
9.925084711199293
9.930310868473896
9.934834950828158
9.940464729532163
9.94582036197467
9.950580403645834
9.9569614965096
9.980129854965586
9.984956728723404
9.989218750000001
9.992990597943724
9.997796286001693
10.002117294520547
10.006388754045307
10.010306490384615
10.014496059782608
10.018513671875
10.022610160004369
10.028025701423786
10.033481112637363
10.040148471195318
10.046142100694444
10.050860440207156
10.056087107487922
10.061497544037941
10.066718917067629
10.071882452838352
10.077090060016081
10.082188069399786
10.087440326015727
10.092733552631579
10.098056543624162
10.103431421905697
10.108532142034992
10.113878980352304
10.119249415106953
10.124525474653947
10.130130916666666
10.136258191336045
10.141789269752017
10.148465647163121
10.239232022759664
10.244947492074276
10.250563713592234
10.256806934931507
10.262276486530881
10.26791587619449
10.273354383304449
10.278891557325835
10.284822130503146
10.290140638412018
10.295886734888018
10.301785348670293
10.307151724910394
10.312504978328427
10.318312190023068
10.324219953800105
10.32957528409091
10.335064534155938
10.338775343078758
10.34245349884448
10.346737278197706
10.350484212024385
10.35376412202381
10.357843347246632
10.361656378148798
10.365003620848709
10.368722926379176
10.372388454861111
10.376024189911185
10.379626968232044
10.383224598861283
10.386778498909784
10.39039418059777
10.393906641069398
10.397427846287993
10.40114888972056
10.404672373701606
10.408674144959763
10.412336582568809
10.416073775487588
10.419686871936275
10.423295830369844
10.427777174395878
10.432157492437339
10.435843566715542
10.439857953473009
10.443433187184777
10.44689922034765
10.451164772727273
10.455682505199048
10.459207986111112
10.462902167387128
10.466376453488373
10.470129671205097
10.47466017408676
10.478074685534592
10.48239394086439
10.486971722621904
10.490787121943372
10.49429086313698
10.497883152555461
10.50116956296377
10.50466813167873
10.508318526286354
10.51171278394589
10.515225803351784
10.518933995508053
10.522484162579591
10.52611761115018
10.529567273822767
10.533145925788956
10.536750093423018
10.540331980947856
10.543962664196192
10.54763629173398
10.55121474001487
10.554890646172087
10.558781427910617
10.56248472330223
10.566006409559037
10.569812943587861
10.57359318621134
10.577225296844503
10.581089455967977
10.58477982398957
10.588544720464135
10.59231486795446
10.596040169783464
10.599899747474748
10.603749793437204
10.607584534008309
10.611330304128694
10.615085297538009
10.618947515717217
10.622731734702953
10.626522395335881
10.63039294047619
10.63378501941134
10.637605366743472
10.641445203315492
10.645159395833332
10.648902330368907
10.652669017425811
10.65650054071247
10.660271093540155
10.664015014214641
10.667728066053291
10.671475499775383
10.675244393274854
10.679054708307724
10.682885133333334
10.686687384426756
10.69050770480226
10.694425290553907
10.698245186993367
10.70210533791866
10.705925961163153
10.71011890845298
10.713903626973073
10.717680399305555
10.721423094357412
10.725137691223834
10.728762524319066
10.732370003531074
10.736027300393841
10.739721109512315
10.74342217630854
10.747170136054422
10.750943671972536
10.754748326502732
10.758577419548512
10.76246531750572
10.76639672426414
10.77028688192058
10.774128096846846
10.778696671907756
10.78248869087461
10.785911263368984
10.789560055865921
10.917498291762232
10.920578115946528
10.924491170313344
10.928070980271551
10.93159930317732
10.935965850760457
10.940532431750583
10.944955419497925
10.949041071716682
10.953601309774964
10.957791946268799
10.962191426236497
10.966764167274052
10.971199870501636
10.975673016347688
10.980089279513889
10.984537481725146
10.988957219489594
10.993469046080964
10.998196061939268
11.002766881443298
11.006847916666667
11.011747121710528
11.016352759519494
11.020810635007278
11.0259162816564
11.049830117127497
11.059396906565656
11.068899397840532
11.088854662698413
11.093795097305389
11.09874675925926
11.103709603658537
11.108577577367637
11.113489136106141
11.118362083333333
11.123540149676375
11.129086905752867
11.265948060344828
11.270584198504984
11.27488960613315
11.27903087797619
11.283762688213915
11.288053640965732
11.292026310137457
11.296528391873279
11.300639225997843
11.304373803191488
11.30847729506957
11.312438282755299
11.316824730012895
11.320672055455994
11.324080688349008
11.328237804178144
11.331946992607527
11.335605047139142
11.34156387921022
11.347366993045387
11.35301080753596
11.358623096092504
11.364637893958163
11.370136958756653
11.375835462287105
11.382633286864932
11.388413988843494
11.392998434045689
11.397476064629258
11.402158026398633
11.406999658826946
11.41184310149157
11.416700459317585
11.421851998535308
11.425791561773819
11.430019782763534
11.43398772680714
11.437698801282052
11.4420808495996
11.446053867548278
11.450134406400174
11.454180995319383
11.458066883767534
11.462090137485971
11.465836301995504
11.469504755131638
11.473792178961748
11.477044523078671
11.523452722831268
11.528427518873404
11.533669288358007
11.538549778898854
11.542745306538327
11.547154737509757
11.551814019869514
11.556008821237757
11.560544571995464
11.564708519933264
11.569223345588235
11.573403671617163
11.577772701539855
11.582128661525585
11.586387377750611
11.590751633570942
11.595131980688935
11.599593341503267
11.60401618013972
11.608509460246175
11.613099498616874
11.617952435154526
11.62284445316588
11.62712046151563
11.631318114605294
11.635620951938945
11.639771742393915
11.644030815624165
11.648301784787124
11.652521307798482
11.656674743357486
11.66082613368669
11.664971309337506
11.669090565463003
11.67323
11.677487495067087
11.681562373837107
11.685288562710436
11.689651333883388
11.693711623543907
11.697920067240933
11.70307191686175
11.707263078703704
11.753697718253967
11.759276755739657
11.76479493510158
11.770772678493806
11.777297096932609
11.783255297972305
11.788231019053118
11.793971579942617
11.799614730126468
11.804589143772894
11.808467893263122
11.812708233991826
11.816789229056935
11.82098259730539
11.825749697837152
11.829987746840443
11.834203860015174
11.838357939632546
11.842526947731756
11.846813012295081
11.850928078183522
11.855135743321718
11.859365413172606
11.86356269778481
11.867777747050146
11.872050599315068
11.875875038723668
11.880269537037037
11.884804839065255
11.89050267454955
11.896131217061923
11.901790018237934
11.907562413911846
11.913948937908497
11.925938272591646
11.930487534722221
11.93498717403628
11.939490812012142
11.943977825627078
11.948482159961685
11.95294813677584
11.957340198525916
11.961687986353077
11.966054071909031
11.970428382263924
11.974809017191735
11.979262748936582
11.98374829059829
11.988252964019228
11.992776110577607
11.99737065370798
12.00201256531122
12.006664465408805
12.011312180779571
12.015810712689902
12.020382806674123
12.025259834286318
12.030128185626102
12.034798622421281
12.039451310331826
12.044029536914236
12.049295567889319
12.054164404223227
12.058595471014494
12.062933651804672
12.068264037573467
12.073232060185186
12.078044966356108
12.082680292508417
12.087131628787878
12.09256697970639
12.096633333333333
12.101570482866043
12.10619214527027
12.110387849756691
12.115040674603174
12.119547945205479
12.12416974614396
12.128478819444444
12.13295837747175
12.137526475694443
12.141897804054054
12.146534501445087
12.15102761850153
12.161050955414014
12.165543040780143
12.170878498427673
12.175779225277067
12.18054300364363
12.18528213205645
12.190250780401737
12.30921040679305
12.312779250238778
12.316435759425879
12.320497137762763
12.32412326388889
12.327650335677749
12.331139369235837
12.334765910574413
12.338306451149426
12.341846275252525
12.345038384703196
12.348821857344634
12.352217956852792
12.355464840208521
12.358969625350142
12.362441037968441
12.3660793085028
12.369391956580367
12.372845658396946
12.37637434505988
12.379844654010519
12.383275716145834
12.387155951099952
12.390671285604311
12.39437256149279
12.397905862853271
12.439031821543841
12.44398463767193
12.449326912404546
12.454645901987218
12.459923216067864
12.465142238849767
12.470645280811233
12.475354929147898
12.480404918011589
12.485384652653547
12.49075854599874
12.495376030752814
12.500650684731934
12.505630146386093
12.510575888694637
12.5154855432243
12.520433693105756
12.525394694636901
12.531107554611651
12.536654623373373
12.542642688679244
12.548265015636497
12.554118188622756
12.560228272845837
12.566129448670862
12.571530438651592
12.577670169821827
12.583134139667251
12.589174916666668
12.594976357082272
12.600810325091574
12.606485187728937
12.612278174326834
12.618029157366072
12.623860790457345
12.629698865596962
12.635761953551913
12.64137944788797
12.647272784391534
12.652522309027779
12.656330775605854
12.66036787474257
12.663887587176202
12.668742263592092
12.672135286458332
12.798607395086195
12.802126271708138
12.805669020473843
12.809143138586956
12.812722681722287
12.81619362634892
12.819732544041964
12.823113545747063
12.826512118544601
12.830393109802023
12.83364377406932
12.837609901596084
12.849272457829407
12.857820077207759
12.864439963344095
12.871499956777317
12.877966205470738
12.901993794326241
12.905499919250646
12.91054625
12.914536522108843
12.918819309481743
12.923132731481482
12.927702724358975
12.932923336330935
12.93726213592233
12.95929284554731
12.963587201383069
12.967802991678388
12.972039734703634
12.976359916343878
12.980693943156732
12.984947111369602
12.989154558348948
12.993431968390805
12.997690810535506
13.001941922814208
13.006105040484812
13.010441380173564
13.014874299327355
13.019297720888662
13.022707519295707
13.027588278619529
13.031260227341573
13.089855983527132
13.098257827437859
13.106603125
13.116566320532916
13.124262514367816
13.15670547188755
13.160775285818135
13.164665170606602
13.167989637775843
13.192354179542644
13.202056970675944
13.21418768324312
13.226076121794872
13.238145430478822
13.263983680555556
13.275041185897436
13.287494311951754
13.291567949779248
13.295494693396227
13.299397760277033
13.30309368509865
13.306868033008657
13.310816899585921
13.314723537234041
13.318598042294807
13.322723048941798
13.327127421586717
13.359787872516556
13.363857436131386
13.368742959104939
13.374808391434264
13.378445859053498
13.382495172764228
13.388224198717948
13.436729724702381
13.44072625
13.444360222868218
13.448441527777778
13.452010110294117
13.45583654835391
13.459398261278196
13.463042178961748
13.466638742997198
13.46996165505676
13.47354651200731
13.477057012783407
13.480258983686067
13.484414642978868
13.488562215992378
13.493016889312978
13.497251962560387
13.501459339594515
13.506587857744108
13.526636712519936
13.530790420227921
13.534896343240094
13.540054440389293
13.54524359939759
13.5494024339934
13.5534253125
13.557497315292096
13.561523623054873
13.565535153081914
13.569806388888887
13.574133548850575
13.579207576815643
13.583243454007285
13.587417148919751
13.591478334664538
13.595833796296295
13.600534517973855
13.605727150537634
13.627670421891326
13.631824300130207
13.636991499752721
13.641186832922825
13.64647289078675
13.650844234496123
13.654922159090908
13.659979896496814
13.664015391791045
13.66817113095238
13.746509548611112
13.750389583333334
13.75402576754386
13.757998355263158
13.761514322916668
13.765483242753623
13.770542824074074
13.773618055555556
13.776805555555555
13.780518318965518
13.783927083333333
13.78772665229885
13.791222916666667
13.796654166666666
13.798806712962962
13.8021171875
13.806401348039214
13.809921223958332
13.813666307471264
13.817170138888889
13.82087454710145
13.824893229166666
13.82866875
13.832453124999999
13.836472222222222
13.840239583333334
13.844354464285715
13.848338068181818
13.85226875
13.85646130952381
13.859786458333332
13.863791666666668
13.867902889784947
13.939599739352262
13.943872065355329
13.948194320436507
13.952419159776616
13.95662210860907
13.960931560788032
13.965429409988634
13.96994513248848
13.974333647260273
13.978651742202729
13.982944102112675
13.986993710691824
13.991385416666667
13.995560539215687
13.999785326086956
14.004051760835914
14.008276085434174
14.012637521043771
14.016966435185184
14.021403343023255
14.025793695887446
14.02973768939394
14.033982720588234
14.038416523972602
14.043247709810874
14.047474161255412
14.051679976851851
14.05656330128205
14.060769900497512
14.064558173076923
14.06901875
14.073668333333332
14.077237980769231
14.081484206989247
14.085626403664303
14.089838609307359
14.094060780744336
14.098192634976526
14.102452235772358
14.106789811643834
14.110637689393938
14.114457837301586
14.11821875
14.121739583333333
14.125427083333333
14.129184027777779
14.132922135416667
14.136797697368422
14.141125
14.145009348290598
14.149363392857143
14.15316639957265
14.160503170289855
14.164883101851851
14.16875138888889
14.17260550213675
14.176220052083334
14.18020625
14.184555989583334
14.18893142361111
14.193039583333334
14.196965773809524
14.200544181034482
14.204686698717948
14.208310529279279
14.268825367647059
14.273256179378532
14.277739583333334
14.282177714646465
14.287254602713178
14.291230392156864
14.295857481060606
14.299913728632479
14.304562349033816
14.309011135057471
14.313963815789474
14.318534420289854
14.322717206790122
14.327195932539682
14.332098135964912
14.33665162037037
14.341240374472575
14.34601550925926
14.350814338235294
14.35528869047619
14.36011284722222
14.364971354166666
14.370186607142857
14.374803977272729
14.379461174242424
14.384489583333334
14.389780303030303
14.394899839743589
14.399741666666667
14.404791666666666
14.4095390625
14.414947916666668
14.419628472222222
14.424808210784313
14.430077546296296
14.435612980769232
14.440675
14.446041666666666
14.451333333333334
14.456232638888888
14.461466145833333
14.467172916666668
14.472398674242424
14.477964583333334
14.484338541666666
14.488452083333334
14.494074101796407
14.502067574786325
14.50998903508772
14.517712061403508
14.52582171934866
14.533694830246914
14.541521064814814
14.549586236338799
