File type = "ooTextFile"
Object class = "PointProcess"

0
39.821995464852606
784
2.275641783029001
2.287892442200248
2.3308158440681237
2.348281731496017
2.44679683854218
2.4521065369796435
2.4575251558956914
2.462563977972141
2.468103448275862
2.473396206967635
2.4784862595831982
2.483945511143313
2.4892610494490195
2.494389937793299
2.4996290897311306
2.5048332666399893
2.5156290849673204
2.5278010261343593
2.5406855631141343
2.5495578231292515
2.559993313564742
2.5684207211149563
2.5730057286072325
2.5839821113630634
2.5889849819709303
2.594294091875218
2.599781053162005
2.61004578202589
2.6218247427176
2.629548721983124
2.640089425441538
2.650822334631858
2.671127260981912
2.676507691364834
2.6818158593909667
2.6872895824996665
2.692863007271874
2.69772351797862
2.7032405108433086
2.708490611691831
2.713679371291896
2.720689359713351
2.724501133786848
2.741134884061151
2.7499195011337867
2.7612471655328794
2.771088604596067
2.7877547177062914
2.8070232426303856
2.8174125364431486
2.8274724111866965
2.8392292226968303
2.8488037095179948
2.8609718820861674
2.8692126709269563
2.879731099987165
2.889534944930353
2.900124599668046
2.9152629755605943
2.9216001511715795
2.9334213298222513
2.9433130898123823
2.953904109589041
2.964294990723562
2.9761022795082943
2.988832653061224
2.9967641223155925
3.0051963050177335
3.0162535612535613
3.0283219954648524
3.0424244984618047
3.0547422672772813
3.0672059369202223
3.084585117997816
3.1071162717960745
3.123875489589775
3.141082082951384
3.156847363945578
3.1727628324056893
3.1886418853255587
3.2044708994708992
3.224011887583316
3.2418757873519777
3.2627734959231915
3.2752232031788684
3.2857857822413927
3.296441220875668
3.307198083534489
3.315691609977324
3.3231057849496386
3.3291508269974655
3.335285636982065
3.3406490929705215
3.4047608158140843
3.4082518992998656
3.4151527277577696
3.4151527277577696
3.4185974909444297
3.4222587553539934
3.4255089443184676
3.429006802721088
3.4324259149570118
3.435901622187336
3.4392933840202744
3.442722126409249
3.446191193777089
3.4496285896909096
3.453111801242236
3.456468883849836
3.460256648113791
3.463380530506776
3.4703683187560737
3.473739338452092
3.477177509501453
3.480440917107584
3.484003212396069
3.4874448345646503
3.4908659529385524
3.494346459991621
3.4974206349206347
3.5011608793450444
3.5045928879277977
3.5082133906194057
3.511668792517007
3.5147974300831444
3.5183232420367796
3.5217151253115433
3.5252147777349934
3.5286175957193424
3.5320277420277417
3.5354653122510267
3.538893189459692
3.5423360131931556
3.5457233147804574
3.549288548752834
3.5526071824078467
3.5560192814185716
3.5594950656318867
3.5628320156891586
3.566295952724524
3.569786848072562
3.5732831227729185
3.576610377955658
3.580018116380597
3.5836772486772484
3.586860235003092
3.590375774190273
3.5937228493350943
3.5980967407043134
3.6006505668934237
3.604095388395512
3.6075295292246254
3.6109517464731224
3.614556344276841
3.6172916766895344
3.6212967687074826
3.625141723356009
3.6385557593824047
3.6540470359572397
3.6713131202301708
3.6869180289031034
3.7059633577422475
3.721594650889672
3.7337286703613235
3.744173068895883
3.7548746165132716
3.7616560846560847
3.770281350171861
3.7789863020037946
3.787702611908961
3.79815568354131
3.8085852416083803
3.8155497165532877
3.8259829902369997
3.8329517042419057
3.843399496366381
3.850383835276154
3.8590445746199715
3.8684329848950947
3.8747112173649056
3.8852014812041022
3.8989324617200025
3.912527531302376
3.924629686589532
3.948871090623158
3.953063098603216
3.956349841351777
3.9599196625638875
3.963464802356769
3.96597672272724
3.9701301910796327
3.973222803651375
3.9770245989144
3.980376636676176
3.9838878050833633
3.993396447467876
3.9969589488838224
3.9999341255489536
4.003158716975162
4.006336907342738
4.013650470387506
4.0167379107727745
4.022956099106309
4.0264206635034965
4.030024137413386
4.033515189533672
4.036653782049185
4.04017171053532
4.04347292632552
4.046665655307506
4.058286103667056
4.061571762038149
4.06465122646569
4.068403593995737
4.071848602988954
4.075176506697185
4.0784082655618645
4.616854725875708
4.620100245763807
4.623562087803221
4.62714167568307
4.630554845294653
4.6334573337531735
4.637422443558353
4.640825902170391
4.644133886746489
4.647013491122445
5.013751103494833
5.021376162245353
5.024374740034081
5.027850252411656
5.031537241522208
5.034896611325182
5.038501859410431
5.046520768658919
5.132285136958669
5.144411550628482
5.161788048552754
5.168526390032304
5.1806962862966195
5.192742079580858
5.204938330472375
5.215437397181094
5.22755284775693
5.239599781831925
5.251691362605648
5.32344492182838
5.33470695970696
5.354004770739465
5.375123456790123
5.386569039248809
5.401724993027514
5.417433096126316
5.4320271253155346
5.451393323769417
5.48900826729082
5.499322904349197
5.5114988936158555
5.521705673094926
5.532060846560847
5.542349553558033
5.55265873015873
5.568640183117272
5.573817186059793
5.579065043561284
5.584166368301706
5.589476861167002
5.594699180052249
9.965503868990606
9.9688432099675
9.972271843223663
9.97551588520713
9.978697114087927
9.982273286085631
10.034721211811805
10.048171001066184
10.062047069332783
10.072039867015691
10.08048629367639
10.086725259028452
10.102187853130166
10.11342974235555
10.122321482973657
10.129270435757565
10.305651461349358
10.309083285135918
10.311666666666667
10.315192037963088
10.318625494376638
10.33219652213301
10.335677488560295
10.339014387364141
10.34267862535579
10.346152028873117
10.349306789609269
10.353026791351754
10.356277436900685
10.360225014503358
10.363001897444406
10.800524779608812
10.8131591489192
10.825173464318663
10.8388271269237
10.85079502116316
10.898044252253747
10.913603546990643
10.929181471486666
15.778596351453494
15.791993835250716
15.805640520435817
16.917265834981492
16.93052347180007
16.943734038609108
16.956799250022055
17.790781431363044
17.80344559069049
17.816358080187534
17.82961103342363
18.504573870573875
18.511626502452835
18.578102457811603
18.589371015174923
18.60112627904649
18.794792195037722
18.809146161036058
18.82380720298275
18.84075549042097
18.855566227706742
18.866286597234765
18.910227745799176
18.92065642348894
18.933097651964015
18.94318064182195
18.95519878416704
19.069232738919084
19.078188040902937
19.085461124504985
19.095603160734225
19.103520713290038
19.11202783910707
19.120231107751746
19.12844248333173
19.136722323755375
19.149947223518655
19.163020995036202
19.176250488598182
19.189424677495044
19.202322500400903
19.216416134735834
19.228737683363434
19.50937391792815
19.522557070550565
19.535896646560616
19.549326892794156
19.565674469942454
19.578942818556254
19.595134949571477
19.603225199737217
19.61168064338952
19.619528717749255
19.62786745411266
19.636110662665757
19.6988035252321
19.706800075585793
19.7152225288516
19.723313862657076
19.73122162163179
19.740051732076292
19.74789462271647
19.75599724342397
19.76396956325528
19.77335613204067
19.798130648591176
19.80710046987505
19.81701253356257
19.826216964563603
19.83442028206754
19.842375531648738
19.852156735661747
19.860476334805494
19.869257761615287
19.87851126845296
19.88685936540101
19.895535418147357
19.90527886774678
19.91210436728804
19.918176949707465
19.92646814281268
19.93491651205937
20.06490148984911
20.07589287375467
20.084278516498088
20.092550068827407
20.10254627417845
20.109070089955928
20.115632345961643
20.12240411912797
20.132229833535483
20.140348231315038
20.148792717716514
20.158681212943193
20.16830258282175
20.178344321267602
20.186685360557014
20.19579145308102
20.204547832764632
20.211071717612484
20.21776401385979
20.225887135806705
20.23344066456119
20.241818342646187
20.25221439255496
20.25969882232463
20.26874508112101
20.276908387814
20.286010497117207
20.296470440068514
20.303906761126544
20.311993113568267
20.6800605883379
20.68494391934775
20.690379167540033
20.695082416133676
20.69976677888221
20.7997213140646
20.804457069894205
20.809469957335228
20.814070789389582
20.81894448362633
20.82502138943098
20.828583659753864
20.83853661410747
20.843349775224777
20.84801359875317
20.852956061183576
20.85788909705959
20.863501636711757
20.867541678235924
20.87245931466377
20.877418815460516
20.88238290903438
20.888019107491253
20.89290213905726
20.897499111993227
20.902384629757023
20.907516807016496
20.912232501301432
20.917346833883542
20.92233752236398
20.927193338801242
20.932382851535056
20.937378121452497
20.942251795728275
20.947490241149737
20.951943480339985
20.95717291793501
20.96188216226088
20.966818130083436
20.971722470896665
20.97696763893181
20.981924796882957
20.986956167800454
20.99177116133447
20.996935490105137
21.034492479615963
21.046031779977465
21.055515222880864
21.0672763920383
21.07558654197825
21.083847783643705
21.09223685611074
21.100218625527617
21.108883709319485
21.116372302007225
21.122842246016496
21.16901801618403
21.173807906168175
21.178622025924803
21.18386350279757
21.188941086901753
21.19316233976584
21.197994992616067
21.202925265184376
21.207886111167294
21.212849327537825
21.2177119571687
21.2227179196156
21.22780135725788
21.232835071135373
21.23777662831646
21.24261030485698
21.24756244797497
21.252740170472954
21.257806403374566
21.262633147091027
21.267421510048887
21.27254939798591
21.27739209685296
21.282275696258324
21.287468166753886
21.29220054265146
21.29737694304775
21.301359900685423
21.30641776860557
21.311295639512558
21.316348006072193
21.321110159076355
21.32631581180836
21.330806489463015
21.33661799387827
21.341534412074008
21.34532337006751
21.350121819652973
21.35492330356179
21.453098318457627
21.46102463072053
21.468827406720266
21.479708317821324
21.48791849225566
21.495708877317437
21.50365122311551
21.520103471720955
21.528035687595818
21.535785283229377
21.65362892483089
21.665512988113395
21.677556596409058
21.688351368548613
21.70069521238511
21.71219192408441
21.76312948444285
21.771461486012146
21.779175190909697
26.754479967046773
26.762537378829354
26.770952064858612
26.778920593186154
30.405030419602973
30.41980683730354
30.434284636931697
34.332086950273066
34.340753902396905
34.35109740599536
34.36003340048325
34.3704547753191
34.37947592493597
34.387514336033135
34.39706222663331
34.40693201785311
34.41861882452077
34.427638478130696
34.439371751171045
34.449557218049385
34.46000635025572
34.47004620176474
34.4788973960346
34.48913497104741
34.4994931011352
34.508584342329875
34.59973319155713
34.61002796698205
34.708863858253736
34.720617199647855
34.73233827234777
34.74402366188081
34.75516902035075
35.58141665688059
35.590254340124865
35.600409777719065
35.609175931348744
35.61943004973629
35.628249091796484
35.63847144528889
35.647185664354566
35.65614312820457
35.66648161069889
35.678090641134496
35.68846051986449
35.700072590302526
35.91720292781423
35.92771369434094
35.93794369877026
35.9482854484951
35.95838365371594
35.968850854336324
35.98048349439739
36.46443108029818
36.47468011781837
36.48514881743092
36.495183330291795
36.50562225175703
36.515962228840294
36.526087831979765
36.534884494210665
36.54668460457776
36.559728237446
36.56998861082894
36.581668968771936
36.59161895539715
36.600244944870866
36.60930493592786
36.620550819150985
36.629710520662904
36.641309420876624
36.6505771041494
36.661656697616934
36.674703510596665
36.687889101660694
36.69961863859468
36.70996157856651
36.72018287519089
36.7315444872707
36.74356632993237
36.75518647627461
36.765920712392116
36.77592551204285
36.787061104397274
36.79863002116538
36.812182900656644
36.822322759314815
36.83401594396507
36.84432105340396
36.85323545131674
36.86316990579496
36.87054199835963
38.41467032726773
38.41822164090686
38.42584454070893
38.43234195565018
38.436038265797364
38.547380440898166
38.55103638803275
38.55457039062302
38.558285193257454
38.56176099033242
38.5652936224995
38.5688217478175
38.57198341090822
38.936164446999456
38.94487495950761
38.95208622594337
38.96079144620811
38.973835472822316
38.97751285880205
38.9809498725744
38.985229686318974
38.98884777204054
38.99132267091234
38.99552154195012
39.00271730914588
39.006149801587306
39.00955147932189
39.01311316272541
39.01674838912463
39.02024156329198
39.0236889301175
39.034134741615944
39.03749777777778
39.041059712774
39.04465223162436
39.048144073271764
39.05158820861678
39.062089947089945
39.207855253212394
39.21152716782915
39.21502267573696
39.21934177374653
39.22576697345605
39.229436885865454
39.23387870123895
39.23636918259368
39.240184625290446
39.244010116867265
39.24676729024943
39.25039881449656
39.25382900168614
39.25786943437811
39.261736313573046
39.266037359927786
39.26851111111111
39.27326788291074
39.276343183106576
39.28010456034265
39.28590877376592
39.28860213529856
39.29227739984883
39.29633705863297
39.30416488500162
39.30769105840534
39.31157344419249
39.31568310657596
39.317304826692585
39.32085789871504
39.32464356575963
39.36746307532022
39.37103639746497
39.37447667956071
39.382448979591835
39.386156462585035
39.39226271460966
39.39608724191431
39.4013124212648
39.403072562358275
39.40730908182482
39.414815444696394
39.41834585222978
39.424484126984126
39.42984981684982
39.43181560502989
39.43594778237635
39.43975923702815
39.44198731838414
39.44573229291717
39.453106575963716
39.4569529478458
39.45925837001467
39.462904867373304
39.47067703271785
39.47435937803692
39.47798222048905
39.48168844435463
39.4839923832781
39.48786031746032
39.49197714983429
39.49608276643991
39.49996315192743
39.5020135441564
39.509863945578225
39.5135508142651
39.52087956309284
39.5232381183766
39.52716870748299
39.53090980095742
39.5347073750135
39.538374905517756
39.54230292116847
39.54628502973517
39.55003850385038
39.55374786444258
39.5574411987017
39.56121667057628
39.565038872691936
39.568941706764
39.57266358924522
39.57646766752678
39.58023150701722
39.583997016350395
39.58772479901051
39.59147233803916
39.59524500857253
39.59911538258714
39.60294739825755
39.60680025633442
39.61058461308675
39.61428531096233
39.61798589307518
39.62178869621066
39.62552005012531
39.629383975812544
39.63342781557067
39.637163742690056
39.64080443106204
39.644530936184
39.648239940043815
39.65203550618559
39.65584330283837
39.65953010833963
39.661378360868156
39.664930568097446
39.66834788003251
39.671675434618294
39.674963151927436
39.681653131536855
39.68696536085699
39.69043483302412
39.70916893424037
39.72293741496599
39.7363740819711
39.750076125688366
39.76375246872942
39.77377659000108
39.80068198996771
39.80402368354749
39.80707256235828
