File type = "ooTextFile"
Object class = "PointProcess"

0
145.90160416666666
3453
0.08821038007683864
0.09392948253244959
0.10046108058608058
0.10667720037453182
0.11298002450980392
0.11873884623943035
0.12519781127037663
0.1310513323892894
0.7360891596045197
0.7426723717075386
0.7509120422272048
0.7572840778923253
0.763715108643744
0.7694561875780275
0.7757164518385291
0.7826795735129068
0.7893566135346757
0.7956141956162117
0.8020792382315521
0.8069182723978919
0.8206394667832168
0.8262414665725047
0.8330919790056671
0.8376886881078691
0.843541770573566
0.8496199142156863
0.8564472907725321
0.8626846494032396
0.8690688904494381
0.8740926625457875
0.8809954398487067
0.8869401205450734
0.89443984030837
0.8995906100478468
0.9061534172403901
0.9124012175324675
0.9171099819644838
0.9234951923076923
0.9289420977011494
0.9337987679211469
0.9405591709621993
0.9465892580545229
0.9519265695067264
0.9578720238095239
0.9634408290378006
0.9692701501197963
0.975134817563389
0.9809310652059134
0.9864224505840071
0.9922443867292224
0.9979451233705773
1.004199676753317
1.009925523618538
1.0158279061624649
1.020424227729885
1.0255300925925923
1.0317511574074072
1.0367898817135548
1.042995192307692
1.0483181089743587
1.0534969894026973
1.0587607393861156
1.0637589100753295
1.0683376418881505
1.0739665274784482
1.0797132827552984
1.084616617737948
1.0897278929369065
1.095236484741784
1.100859375
1.1048863724865476
1.1102074548192769
1.1154776947463767
1.1226276240458013
1.125275044326241
1.1304363260286223
1.136476431255526
1.1430481910413475
1.1459989909565427
1.1509749910024865
1.1557367584745761
1.1606906229040912
1.164884837015821
1.1698371227851605
1.1744666285900782
1.180229774052478
1.1861628594054578
1.1897699267925559
1.1943106460734099
1.2004335735031277
1.205726590501792
1.2104042696451203
1.2152835355827412
1.2200831132629109
1.224331062030075
1.2284262398785424
1.2336862430651871
1.2389244156504065
1.242949469237435
1.2478195605369806
1.252656095105328
1.256513081214161
1.3268772516536733
1.3319252464486895
1.3350174807140294
1.339254955501618
1.344234705153083
1.3484781613273857
1.3534377034505207
1.366249381353665
1.370696735758601
1.3750666482300884
1.3799319885361552
1.3848564879474445
1.3888197394698618
1.393028952066241
1.3980150798791018
1.4016969042476601
1.4061397823574728
1.4105361089443575
1.4149369438431936
1.4226778782320053
1.4281065891472868
1.4319794473058636
1.4371694633080647
1.4413909206899118
1.4459275162999183
1.4504268854346574
1.4548287936373872
1.4592897821969695
1.4634129617697593
1.4678801892551891
1.472496369589977
1.4754264654772935
1.4797673611111108
1.4845406931464173
1.4888675135239566
1.4933203374478015
1.4976131936317534
1.5015525412912911
1.505697207678883
1.5100639663870654
1.5141106700450448
1.518676148661944
1.522953501616696
1.5262406565656563
1.5302382720588235
1.5348160370478412
1.5387322657545603
1.5432131359649122
1.5478728313424344
1.5516656684027776
1.5563362163885024
1.5606941508746355
1.5651072458071278
1.568154392454522
1.572081597222222
1.5762735785198554
1.5800385704419888
1.5842600855009632
1.59137827726686
1.5951494969680262
1.5996691729323307
1.6035182669082124
1.6083041006455399
1.6120691825493374
1.6165340867496336
1.6206961122047243
1.6242708831738435
1.6288982968369827
1.6331562364277956
1.6359767040977145
1.6400019803548793
1.6442186670930452
1.6484325958029196
1.652628768844221
1.6567117005639547
1.6610209681146024
1.6649449377656342
1.6683228163858803
1.6720640039567183
1.6759718543046356
1.6797087668137871
1.6837184956395348
1.6867251520486555
1.690227050326188
1.6941011926549536
1.698090630142622
1.702377875403149
1.7059088829102278
1.7098036151960783
1.7136496139398998
1.7181165633608813
1.7224439372659175
1.7261443158999632
1.728774363836884
1.7325484204450041
1.7372081953642382
1.741021578282828
1.7455236398194345
1.7493728693181816
1.7518761362726254
1.7555951500896056
1.7609665543300652
1.7647136080148618
1.7667721244951848
1.770745502553389
1.7743804008271735
1.77828852159172
1.7850980415106117
1.7904439579002076
1.7925192954967502
1.7962090418781724
1.800349501648681
1.8042114579687316
1.8081488021691376
1.8119987497092347
1.8157037583752091
1.8191533101322144
1.8227493204316778
1.826378983333333
1.8300881044102018
1.8337696654397886
1.8385282654494381
1.8429981242715616
1.8468092812499999
1.8500817392775346
1.8544080695943734
1.8579507832931
1.8599198991797674
1.8632753352923446
1.8668409714272085
1.8707027700067818
1.8752344763294422
1.8817388748468136
1.885526386381869
1.88900078010279
1.8916934674815498
1.8951432546145492
1.8986308459422283
1.902269389619883
1.9056227717391303
1.909190753527792
1.915565532870669
1.918917866847826
1.9221974631519272
1.924731693571844
1.927801898858717
1.9319476390369579
1.9353409340397096
1.9387706514962593
1.9411973813806098
1.9447228280396665
1.952354549984667
1.9546498731884054
1.9578560177882929
1.9615617181915652
1.9649823084897424
1.9685903315273476
1.9720115649606298
1.9754234782938676
1.9787205995254047
1.9820417735826001
1.9853404842706313
1.9886999921679196
1.9919737777869482
1.9960596190698154
1.9995708181265204
2.0031457753555966
2.006568313831572
2.010361949233716
2.0131000535804335
2.016452656675749
2.019521118821738
2.0229883573352674
2.0273076993445334
2.0309301433601608
2.0328821266791626
2.037374053030303
2.0404662252410737
2.042780972726356
2.0463946088869958
2.0494704969958204
2.0526539898351133
2.05938769032291
2.0656039538261215
2.0718983879372845
2.078428428797198
2.0850187245244562
2.0909302111260053
2.097046036877394
2.103759919710523
2.109910095404984
2.116072278240949
2.122380290282634
2.1286321358267712
2.135254306766293
2.141882852839931
2.148160122076415
2.1545288525869757
2.1581997971602433
2.161831425330033
2.1649487862640613
2.167951447740113
2.1714028762268263
2.1747337699385025
2.178068162393162
2.1807754243827158
2.1843431886935147
2.1878009506194083
2.190207958949965
2.193405166184971
2.1964585698257655
2.200208284624805
2.2031672533965465
2.206702255573109
2.209863762597343
2.2131918327886706
2.216142548940798
2.2194923096248322
2.2227026823826153
2.226074912196679
2.228861164593207
2.231834933574879
2.23553837475272
5.28208857588699
5.287212703732913
5.292153038194444
5.297357954545455
5.302156803709856
5.3071955432489455
5.3123073391590685
5.346678299441787
5.350356792355372
5.3538353856877325
5.357712841386555
5.361478074009324
5.365321044921876
5.369161959426628
5.373009427918895
5.376869993356112
5.380767413793103
5.384680003894081
5.388540815667011
5.3923966620510235
5.396310117713004
5.400349091880342
5.404312747361478
5.408224268955156
5.412115538194445
5.41602777401589
5.419962970020325
5.423866765517756
5.427715874837693
5.431627576560659
5.435502226865924
5.439340592006033
5.4431535936247
5.446932840809867
5.4507438580497025
5.454552408028271
5.458313039658635
5.462833976876091
5.466112305378627
5.469976441158901
5.47424365942029
5.477974210801915
5.481659417641326
5.485447877021884
5.489833019978731
5.498515972222222
5.502247868979494
5.5069079548554285
5.511190011355695
5.515953200139205
5.520675071391485
5.525668093339587
5.530415888798702
5.535686047979798
5.545544226992144
5.550615133186706
5.5551182803757
5.566046282679738
5.570685296169458
5.575558416193181
5.580290662124389
5.59052131006865
5.596321041666667
5.601018173758866
5.605821645480226
5.611273170330703
5.616038767529665
5.621035321969697
5.6258638790035596
5.6307897782651075
5.635605680983847
5.641397797619048
5.646104166666667
5.651788115530303
5.657077324879227
5.662646782460137
5.668212710595935
5.674940540271132
5.6796325498743325
5.685033319536424
5.689860992669061
5.693350440514044
5.698121130952381
5.70257830573081
5.707501622696817
5.713234250568829
5.717780245271868
5.72287340438343
5.727923569527611
5.733036016031195
5.736968232693755
5.741562813655573
5.746038839596382
5.750849468954248
5.756823876564278
5.761669377853882
5.76555926724138
5.770546279325513
5.7758822990023475
5.780671611952862
5.785796712085308
5.790662578405018
5.795177334842388
5.8000334663120565
5.80493032488345
5.809750998342375
5.814682683379759
5.820065030011167
5.8247205602134144
5.8296885554331865
5.835024231112813
5.839706845238096
5.844375352254429
5.849064434129089
5.854316067351599
5.858532203638498
5.8640750595238105
5.869846831597222
5.873760806074766
5.87843019278607
5.882889865451388
5.887880241935484
5.892590196078431
5.896794693732194
5.90204778621854
5.906530708874459
5.911243490848721
5.915974035152409
5.920568172442245
5.925403833333333
5.930805265151515
5.936593934365781
5.941488172162805
5.945709917745416
5.9500995585501855
5.953526939655172
5.958023193498013
5.961700810185185
5.966313626868954
5.970091794096729
5.9743199798091045
5.97902972846442
5.98156886429759
5.985533486346516
5.989155053688142
5.993026149054983
5.997027411362367
6.001659514925373
6.0039975870998115
6.00780824964764
6.011584229548661
6.015520337301587
6.0190195415567285
6.023458861561866
6.02695928030303
6.030616777584877
6.034396705665025
6.0378586096176825
6.041484375
6.0448822244623654
6.048869107744108
6.052552989130435
6.057110618512111
6.060884543867638
6.064008756038647
6.06771440018315
6.071510838394062
6.075055803571429
6.079173953662183
6.083550014775414
6.087640842013889
6.090742224178404
6.095052408854166
6.098498177083333
6.10606653834541
6.109927558360479
6.11339834770115
6.117149698637316
6.120976693645084
6.125908607055961
6.129616806844548
6.133277293669871
6.1370394611834955
6.1407876368613135
6.144083832762557
6.147859345903165
6.150804520440252
6.15459375
6.158235369850188
6.162293011400129
6.165964673913044
6.169311607142857
6.173988683648223
6.177611729452055
6.181362172354104
6.18498136620186
6.188755540780142
6.192831755050505
6.196347387566138
6.201107007575757
6.204571572580646
6.208314208553793
6.211772057464892
6.216044881090488
6.220068363686534
6.223631932346109
6.226607134955753
6.230763549498747
6.234450557511737
6.238010416666667
6.242060332369942
6.252134337561663
6.256382865646258
6.259207913128096
6.2631968045670225
6.266152586996337
6.270232074499411
6.274444056809185
6.279542513020833
6.283277190563726
6.285564752252252
6.289508878635346
6.294685791015625
6.346461967054263
6.357799949068685
6.418426297814208
6.428553358843538
6.440121600115741
6.451297341606134
6.462341081392528
6.472845859704641
6.483084033267457
6.494196126302084
6.5048812438180015
9.40555505952381
9.40555505952381
9.40555505952381
9.40555505952381
11.935578598484849
11.944987736952239
11.955119711538462
11.962524431818183
13.035092246563575
13.046757127192981
13.32477486753372
13.336159630847954
13.344970643939394
13.362290236928105
13.378297554347826
13.393871639784946
13.414675717213115
13.422910539215687
13.427430104961832
13.432982315891474
13.438132015306122
13.443902799893843
13.44944204059829
13.455091929611651
13.458894081858407
13.46583263888889
13.47120919117647
13.477069844470046
13.482251488095239
13.48942744883041
13.494325652356903
13.500164457070706
13.50560474537037
13.511689583333334
13.517125
13.52317828525641
13.528718750000001
13.535105406746032
13.541122596153846
13.546811379928315
13.55459987745098
13.733641544117647
13.739510416666667
13.745361926020408
13.752040972222222
13.759886067708333
13.765277734375001
13.770985294117647
13.77807023809524
13.804520833333333
13.810606617647059
13.81712449433657
13.823522890127387
13.831034101711028
13.83769582286432
13.844259072580645
13.849861278735633
13.856474867724867
13.866031718164795
13.869276308139534
13.876503591954023
13.882986815805658
13.890584305555556
13.895716109154929
13.903430086336337
13.909609717153284
13.916724195075757
13.922814551767678
13.929716331845238
13.936444300314465
13.942682752267574
13.94947020348837
13.956333333333333
13.962214657738095
13.967061553030304
13.973844258130082
13.980420626721763
13.988821572580644
13.993217790570176
13.999874360380115
14.006255826271186
14.012755627394636
14.021145032051281
14.025652809633028
14.032065802845528
14.038490521771772
14.044955569727891
14.051355838477365
14.05827987030905
14.066185037878787
14.072652777777778
14.077640915820643
14.084092121056242
14.09257574023199
14.09748869470774
14.103659802971576
14.110510416666667
14.116757419064747
14.123442445286194
14.12973476637765
14.13575242248062
14.14153235479798
14.150489685960592
14.15591447122571
14.161206845238095
14.167336681547619
14.173944881346578
14.181586805555556
14.186847387566138
14.19346802536232
14.201144732384824
14.206669593663912
14.212582428992496
14.219079014227642
14.22495303362573
14.231168218085106
14.237483605836848
14.24381647398844
14.250410215256798
14.256730654761904
14.262948666067146
14.269424375
14.276066116148531
14.282332042011019
14.288673611111111
14.295382240853659
14.301687014635602
14.307935209197787
14.314647526683087
14.321103472222221
14.327410214237515
14.333634055010892
14.34023731060606
14.346718232401656
14.352845771144278
14.359471424549549
14.366204565602835
14.37242720734127
14.378633985368955
14.384944606697818
14.391347867502457
14.397622121021774
14.40372359496124
14.410684027777778
14.41681470959596
14.422819983453671
14.429373345015577
14.435925050813008
14.442310567496229
14.448405303030302
14.454896634615384
14.46123156342183
14.467805772569445
14.474258421985814
14.48074079861111
14.48684399509804
14.493363945578231
14.4986904539801
14.50530625
14.511551587301586
14.51913151803119
14.5255588916122
14.531678377329193
14.538116329840319
14.544695589539007
14.550926963601533
14.556263573232323
14.563663411458332
14.569954434357543
14.57673248994638
14.582734740159902
14.588029891304348
14.595491363960113
14.60192531779661
14.608358197637292
14.614507028112449
14.61999054118774
14.626823223039215
14.63335275
14.639398124135546
14.646061147186145
14.652189746732025
14.658737781141868
14.665029939727463
14.671416666666667
14.678043629227053
14.684774649339934
14.691033129699248
14.69750042115903
14.704861645299145
14.710849890350877
14.71686733058608
14.723367750000001
14.730867497086248
14.737512578616352
14.74405128205128
14.750437041404613
14.757099675076452
14.763506353427896
14.76992104468599
14.776361901815182
14.782913104256854
14.789289031124499
14.794704185103246
14.801287292296074
14.807817152323892
14.813988966962524
14.820630813953487
14.82753516344383
14.8331490332244
14.839741931352458
14.846920910493827
14.855049739583333
14.860162263745703
14.865528183164129
14.872992953431371
14.879267999387254
14.885870592948718
14.892215668145957
14.89925
14.905264627659573
14.91170234929078
14.91827443833652
14.924634048053528
14.930943622773537
14.937547603046594
14.943984632838283
14.950434851694915
14.956743145003902
14.963322679924243
14.96987132707129
14.978045673076922
14.98203042218543
14.98835261904762
14.994844302721088
15.001409281079235
15.00773882918552
15.014534411478598
15.020834528688525
15.026966362847222
15.033551425970874
15.040279057017544
15.046424136513158
15.052977298850575
15.059665401785715
15.067160563509544
15.072498052959501
15.078453399122807
15.08521326754386
15.091406576086957
15.097916996147607
15.104246443856999
15.110613944575471
15.187505888967802
15.191602301167963
15.196182415086888
15.200307345176942
15.203808517668335
15.207294451871658
15.211165848603839
15.214852166292015
15.218276520961146
15.222223219817666
15.225838664291615
15.229521356441047
15.233091605839416
15.23666141917293
15.240381360926234
15.243967297979799
15.247776061173534
15.25193499921235
15.254790342775042
15.258462802419354
15.262516038719623
15.26571899473813
15.27052236519608
15.273065355534106
15.277194882246377
15.281014913729809
15.284470870758483
15.289205823293171
15.291816765618314
15.295839164046122
15.299263482950591
15.303014879032258
15.327959978070174
15.33247566040305
15.336087769515265
15.338801172737307
15.342498237179486
15.346296620608397
15.357560639880953
15.361482932058047
15.365188518170426
15.368411892361111
15.37284483003638
15.3760530664794
15.380241475340135
15.384129819651742
15.38783428768681
15.39077825239808
15.394462228101116
15.397659328465064
15.40087180876686
15.405391989168299
15.408282520124043
15.4118887214467
15.415412649554813
15.420084789426523
15.423944346910114
15.426694345238095
15.430304796511628
15.434562386300028
15.437923597386911
15.441451126453488
15.44529758986928
15.44908035130719
15.4527297705314
15.456453896604938
15.4800642066855
15.492977148292502
15.505881114903298
15.518307614306785
15.531088051075269
15.711457842906466
15.715659542314336
15.720379790980608
15.724901385175281
15.728953373015873
15.733299679487178
15.738168313227952
15.746561440677965
15.75534665
15.759604523401826
15.763813273289665
15.768221718239833
15.772672156326033
15.77679018386714
15.78142881567029
15.885375515935214
15.889900656867846
15.894263198565776
15.898762738453815
15.90309698834197
15.908080322954454
15.912935997097843
15.916727110972912
15.921506760404396
15.926530939054725
15.93024020937674
15.93480042989418
15.939014396456257
15.943429324192403
15.94831546474359
15.952221503303965
16.049810381355933
16.056916626447872
16.06330275537634
16.06956768538913
16.07604216954023
16.083021527777774
16.08873168859649
16.10152059550989
16.107988636363633
16.115153553921566
16.122378472222223
16.12770071517413
16.13450770833333
16.141116319444443
16.148628433426442
16.154213302752293
16.160817922908862
16.167313620071685
16.17333217592592
16.179915958737862
16.187525848765432
16.192560225095786
16.19953125
16.205449498945146
16.21232881289308
16.219053044871792
16.22526745689655
16.23146659873188
16.239289158950616
16.244738745210725
16.25134136904762
16.25731081989247
16.264050220189702
16.270369464285714
16.276789654356058
16.2830787037037
16.289349749999996
16.2965918715847
16.302991666666664
16.308635135135134
16.31562731481481
16.322361607142856
16.32885302197802
16.335193484042552
16.34190201558265
16.348314719945353
16.35478715463458
16.361243202269172
16.367668200904394
16.373351504629625
16.379727851941745
16.386218010355027
16.392752604166663
16.3991918487055
16.406609049479165
16.412977230825955
16.418198055555553
16.42460407913165
16.432344056372546
16.438697291666664
16.444809503424658
16.450483109229747
16.457271595528454
16.46332657442748
16.469795524691357
16.476869345238093
16.48261023206751
16.490575436827957
16.495554201977402
16.50233772786458
16.50853862179487
16.515825938295162
16.522290865384615
16.52852644230769
16.535065321180554
16.541635416666665
16.547943247126433
16.554359649122805
16.560912804307115
16.56735528581267
16.573850405092593
16.579875844594593
16.5867587652439
16.5932175245098
16.59971139705882
16.606162727591034
16.612857319078948
16.61935812793427
16.625810124269
16.632202788978493
16.63881125764526
16.645297037760415
16.651797478070176
16.65817212301587
16.664623208598726
16.67104517790262
16.677675925925925
16.68408333333333
16.690553736772483
16.697034926470586
16.703540565718153
16.709980416666664
16.715623185483867
16.723050957207207
16.729296307755774
16.73596928418803
16.74223958333333
16.7487470460199
16.75436921296296
16.76083469827586
16.76731442901234
16.774887332375474
16.780503205128202
16.787218749999997
16.793442473723722
16.79987617924528
16.806355593607304
16.812836404914528
16.819129398148146
16.825654961340202
16.832090313573882
16.838600809228648
16.845007855191252
16.851420355902775
16.857756290257647
16.864216866760827
16.870505555555553
16.87711079545454
16.88341563967136
16.889628707627114
16.89629708333333
16.902382313829783
16.90880843253968
16.917571969696965
16.9215137379227
16.928109126984126
16.9348493872549
16.942758693227898
16.949096121273712
16.95398562988628
17.050104890731962
17.056508349651867
17.063046213996397
17.069309672815105
17.07584332482993
17.082237346625767
17.08864275070126
17.095337896525677
17.1016115045156
17.107958890603562
17.114439678844317
17.120982033639145
17.127582791666665
17.134260196789796
17.140047951101923
17.14707605994152
17.153686178482584
17.159945127952756
17.166653442911255
17.17336163949275
17.17950523477157
17.18644026898734
17.192590823002753
17.19909314172749
17.20536266025641
17.211902933673468
17.216429819023567
17.222718552527645
17.228973941903256
17.23554638975155
17.243299322289154
17.248017892156863
17.254341353244836
17.26205457834331
17.26861519607843
17.27463947332233
17.280736545138886
17.286104788557214
17.293348347701148
17.298918709150325
17.305342559523808
17.311753787878786
17.31833205581761
17.324711693548384
17.333329326923074
17.3375963714128
17.346422885572135
17.352502655228754
17.35908341802168
17.365393229166667
17.37193939777328
17.378239485524254
17.38483243312757
17.39124199561403
17.397583380044843
17.40408333333333
17.410655555555554
17.41683712121212
17.422168995098037
17.429869791666665
17.436536322463766
17.441971354166665
17.44853731540084
17.4555814783105
17.46228528911564
17.468828900709216
17.475358556079662
17.481874871399175
17.488337577160493
17.49497673611111
17.50164236111111
17.508404427083335
17.515247647849463
17.521689051418438
17.528063396799116
17.534666280864194
17.541253149224804
17.547748430365296
17.554088541666665
17.560627040378005
17.566941261574073
17.573552916666667
17.580920226793246
17.587883698453606
17.59423795995671
17.601820127952756
17.608651800161812
17.61563151803119
17.621987148268396
17.62864661458333
17.635037499999996
17.64143294270833
17.648075805961067
17.65454487179487
17.660882313829784
17.66725245098039
17.673970682989687
17.68067289201183
17.687247184684683
17.69366934974747
17.700322755167957
17.706896169354838
17.71372643608414
17.720155753968253
17.726790667808217
17.733646205357143
17.740111931818177
17.904530694444443
17.911677678571426
17.918105450913238
17.92488862179487
17.93127708333333
17.937979433760685
17.944195512820514
17.950647426470585
17.95706014784946
17.96366809640523
17.969875
17.975625548245613
17.98235657051282
17.988881558641975
17.99535132575757
18.002007601351348
18.008565802845528
18.014784926470586
18.021148347701146
18.02758589480874
18.336800595238092
18.343402604166663
18.34998263888889
18.356270566239314
18.362992559523807
18.369547275641022
18.376262807377046
18.38304513888889
18.389428977272726
18.39594367937853
18.40273372395833
18.443491974043713
18.45025677083333
18.45677083333333
18.46345188492063
18.469957532051282
18.476574282786885
18.48304622395833
18.48961292989418
18.496192234848483
18.50275992063492
18.509352807971013
18.516024038461534
18.522660590277773
18.529128472222222
18.535481376262627
18.542538628472222
18.994457708333332
19.001661913430418
19.007868918593445
19.014132895435242
19.020284554597698
19.02654957805907
19.03392657520325
19.039884672619046
19.04773857931727
19.053710158934706
19.060022671568625
19.067726495726493
19.074589717741933
19.08173221153846
19.08764583333333
19.09310173611111
19.101458434466018
19.107429878048777
19.114277484939755
19.121166666666664
19.127753869047616
19.134144597457627
19.139977736928103
19.1442865530303
19.150637459150325
19.15691687091503
19.163461482558137
19.170171706989244
19.232928030303025
19.239238194444443
19.245965073529412
19.252670138888888
19.259042824074072
19.265726325757573
19.272453749999997
19.27882663690476
19.28533112373737
19.291952916666666
19.298661805555554
19.305406994047615
19.311799107142857
19.31857219827586
19.32486597222222
19.331853158602147
19.524917279411763
19.531163194444442
19.537531249999997
19.544260416666667
19.550761805555556
19.557375297619046
19.56409722222222
19.570668536324785
19.577187499999997
19.583638586956518
19.589975996376808
19.596581018518517
19.603243749999997
19.609746119281045
28.483573547979795
28.48687745098039
28.49052969858156
28.494124999999997
28.49761827956989
28.500896416666667
28.504279674369744
28.50775454059829
28.510857728494624
28.514521407480313
28.517766061165844
28.521187499999996
28.524381377551016
28.527871166666664
28.534682410037878
28.539643698240162
28.541330093366778
28.54471214123867
28.548213400900895
28.551439236111108
28.555035014438943
28.558085019017977
28.56225577256944
28.566326783932134
28.569811252170137
28.573158726689975
28.576519054878048
28.579904796511624
28.583349849849846
28.586713167688266
28.590050717213114
28.593385416666663
28.596943160669973
28.600152143429483
28.60382391624579
28.607146261415522
28.609235072178475
28.612530215082792
28.615714583333332
28.61901162956621
28.622380376344083
28.625846726190474
28.629019345238092
28.63255126096491
28.636274805155875
28.639305059523807
28.646241859243695
28.649581723484847
28.652961918290043
28.65633455540037
28.659684027777775
28.663303442028983
28.666374193548382
28.669456597222222
28.67295594262295
28.677200801282048
28.680647679324892
28.68433786231884
28.687721945296524
28.690903163580245
28.693945874183004
28.697524839743586
28.700954475308638
28.70432386363636
28.707715673937358
28.711189383865246
28.714764434523808
28.718081249999997
28.721574218749996
28.724965215773807
28.72838224637681
28.73166569444444
28.735071365248228
28.73853206699346
28.794654513888887
28.79807876872659
28.80147683189655
28.8048464673913
28.808228977272726
28.811616092995166
28.815165064102562
28.81862780017921
49.314193484042555
49.317230324074075
49.320554289215686
49.323673109344895
49.326852339181286
49.32999539085546
49.33315324197861
49.33628453196347
49.340112825021315
49.34508378448829
49.34869546232877
49.355118517525035
49.361266799292665
49.36944335709356
49.375670772775614
49.383235192953016
49.38915351959904
49.39596526567944
49.403008042601684
49.40995918411119
49.41691915592168
49.42258897284275
49.42954897559853
49.43527167738348
53.66456714108911
53.6689719551282
53.67079569892473
53.67507806899641
53.67929233562691
53.683279296875
53.68967842409241
53.694252500000005
53.698613368055554
53.70129495246085
53.70618631329114
53.71148858532934
53.715729677672954
53.720766053921565
53.72596182616222
53.731203394123604
53.74203851744186
53.74652803184282
53.75117718462993
53.75427038626609
53.75954369813278
53.76427374732047
53.76877707805239
53.773216833131556
53.77734204396326
53.78151347477065
53.78590288978494
53.79039693368544
53.795144805078685
53.799929606401385
53.80409411549707
53.80738388761468
53.811030705063715
53.81537355769231
53.81984254067722
53.82403230708245
53.82963254310344
53.83524200581395
53.83770078262787
53.84288161199763
53.84780588768116
53.85218380009107
53.85706084983499
53.862353706355705
53.867539915716996
53.87211966463415
53.876869951923084
53.8818093575419
53.89229097222223
53.89846875
53.90279348169192
53.907674756399075
53.91474310446009
53.91944388592051
53.92200263494878
53.92676738433668
53.930798302469135
53.93472371807402
70.54334246794872
70.55345213721264
70.56352577861952
70.57358711518046
70.585380078125
70.59579773351649
70.60532235142118
70.61973288801694
70.63362684365781
70.64754433373591
70.66138904389881
70.67526239224138
70.68894825757576
70.70280428479381
70.71717684712775
70.72640922619047
70.73458892700874
70.74267603918058
70.75094274425288
70.75879731793744
70.76672750946969
70.77449910421785
70.78250439586753
70.79036907435129
70.79838329761905
70.80651846988796
70.81492165858725
70.82288518258426
70.83119869861484
70.83885630293405
70.8470141039823
70.8549527143845
70.86290359960553
70.87123331971678
70.87690576171875
70.88097502955083
70.88494675207039
70.88899252946128
70.89314206011352
70.89711153282255
70.90081505503144
70.90459495007681
70.90864302052424
70.91266918650794
70.91660071033563
70.9209100933908
70.92455823511166
70.92883437954876
70.93238038617886
70.93634806034483
70.94040372242648
70.94432226832642
70.94843847610723
70.95237603702328
70.95626201338199
70.9601826849294
70.96407411710037
70.96795808333333
70.97220332792209
70.97576936082024
70.97962532181572
70.9835933141562
70.9874325824873
70.99144778225806
70.99519575691122
70.99912617907802
71.00369250310614
71.00765687539086
71.01103848552894
71.01499018895349
71.01934828470031
71.02303510462555
71.02671116881567
71.03064912890832
71.03455897231098
71.03849590287857
71.04241302267373
71.04643001666666
71.05049758873457
71.05440733131488
71.05847103999106
71.06197531638014
71.06583673941799
71.0701466603181
71.07384605414747
71.0780282139866
71.08182011992794
71.08572895845951
71.08940896317829
71.09356389973959
71.09745577456418
71.10138923781916
71.10518584323583
71.10908892074413
71.1129061476249
71.11643075757576
71.12053203828829
71.12430489731437
71.12818778070013
71.13195965732086
71.13593715803871
71.13980401346265
71.1436695017839
71.14757471482355
71.15121847647701
71.15528021149949
71.15880777491408
71.16281297377985
71.16662649727535
71.17046600129828
71.17414590860663
71.17800850871106
71.18184424835327
71.18560503122481
71.18942110906863
71.19320254156736
71.1969421664517
71.20068499844463
71.20453576301428
71.20810667975256
71.21200682902432
71.21571792262378
71.21960885067114
71.22332921626983
71.2270878578215
71.23087831335239
71.23493610030646
71.23857736569327
71.2423929810012
71.24630469184753
71.24996020136778
71.25394490131579
71.25761485027179
71.26146169852035
71.26517547917358
71.26906871546961
71.27286941396311
71.27664910964386
71.28045886752136
71.28422058438154
71.28792727668213
71.29240565866084
71.29548853629724
71.29977964248971
71.3036485830122
71.30671479283053
71.31106852064221
71.31487533939014
71.31856006619937
71.32162200639358
71.32597250387855
71.32976146582735
71.33337990196078
71.33685364991297
71.34053883333333
71.34421910033632
71.3479235921372
71.35165320025348
71.35538563625384
71.35913260217818
71.36250778945427
71.3661224933155
71.36986285306772
71.3734674606406
71.37723246742112
71.38109938417192
71.3843740190583
71.3882111504193
71.39177817745804
71.39547884597113
71.39940087016176
71.40321953233658
71.40677873914224
71.41048909722223
71.41420491946779
71.41738508447229
71.42102549913194
71.42455789399094
71.42830588541666
71.43209267055268
71.4354842035865
71.43901802248676
71.44331132285004
71.44636113078376
71.44986713836478
71.45351345064724
71.45726463104326
71.46051447510823
71.46403441157041
71.46757119422571
71.47171682489451
71.47527144607844
71.47875502748843
71.48243651070764
71.48604314896036
71.48944998003195
71.49290668349654
71.49641905991736
71.49929200413966
71.50321872273123
71.5068061326291
71.50965574186992
71.51310121268656
71.51655493055556
71.52051604729729
71.52393999094203
71.52729951054216
71.53067513754696
71.5340800487988
71.53745378309266
71.54088150777552
71.54440780183116
71.5474557912844
71.55187389362057
71.55424338292117
71.55840433304398
71.56114883535881
71.56464538902053
71.56770843068536
71.5711082711931
71.57520304099462
71.5785156618804
71.58097528786104
71.58451958198052
71.58812476503759
71.59167311507936
71.59498009795806
71.59805201222981
71.60150715837283
71.60493801910299
71.60832089521452
71.61204568236715
71.61557254728132
71.61826435591294
71.62164722222222
71.62512873492324
71.6284384739831
71.63184523401827
71.63609059458638
71.63864869464393
71.64246488625123
71.64554936186187
71.64891820255474
71.65235280108719
71.65591507352941
71.65929446778712
71.66274488163788
71.66584878584229
71.66910957558655
71.67263532763532
71.6760076940142
71.6793041067889
71.68266855613288
71.68968975225225
71.69335586648943
71.6969355286215
71.6999651558786
71.70373267879948
71.7070447006983
71.71070987371888
71.71407279870789
71.71776279761905
71.72110335548001
71.72436089633449
71.72757073541958
71.73106650641026
71.73446694467046
71.73781930865923
71.74119198161853
71.7444515141961
72.11766611842104
72.12174809854498
72.12595887027491
72.13159796940927
72.13587263054363
72.14015280695611
72.14646440972223
72.15036806716833
72.15566949906366
72.16054057230869
72.1648455882353
72.1689382975638
72.17277598086899
72.31090092592592
72.32114469004065
72.3288587380096
72.33859985181311
72.4797421875
72.48359699675325
72.48750692626527
72.49142121010638
72.49499068813131
72.49875148809524
72.5028565188172
72.50671875
72.51085000894135
72.51472222222222
72.5186031553398
72.5225705357143
72.52648839662447
72.5301935906193
72.5341089920343
72.5374105844519
72.54221180555555
72.54604433760683
72.55404832732371
72.55839531619385
72.56306142769608
72.56712256426202
72.56990162037037
72.57397362736901
72.57767491319444
72.58151041666666
72.5854830942623
72.5895093717346
72.59409313981868
72.59816008333334
72.60123584976105
72.6049434036524
72.60880979437229
72.61278333333333
73.00694368589744
73.0108725552721
73.01487949297189
73.01876797279793
73.02265950520832
73.02669781650641
73.03055880177514
73.03438669939844
73.0381299894958
73.04219909934498
73.04618897382095
73.0501295504386
73.05413602493917
73.05813174328296
73.06281455546265
73.06585738544202
73.07015102533961
73.07418141233767
73.07855249451755
73.08261701388889
73.08608884023354
73.08843469712181
73.09241041666667
73.09650500690609
73.1007145037155
73.10428686342593
73.10750468400447
73.1108239356884
73.1146911207665
73.11822016242938
73.12226639038231
73.12581415142276
73.12931006205673
73.13301205357142
73.13699574209245
73.14056335616438
73.14431524122807
73.14757191022545
73.15155846579961
73.15536536069652
73.15922398450586
73.16329505757221
73.16739675453515
73.17134375
73.17495970911949
73.17892762212644
73.18374779761905
73.18888552748227
73.19256229575164
73.19614563301282
73.19995156425365
73.20243462873931
73.20750680096418
73.21135036057692
73.21447887145749
73.21859000576038
73.22160721247563
73.22476406926407
73.22875719246032
73.23275532760813
73.23626468023257
73.2400586392774
73.24234203767124
73.24606083683474
73.25030032894738
73.25292884114583
73.25720838515755
73.26056901041667
73.26449652777778
73.2678691314554
73.27173971861471
73.27538541666667
73.28019424654576
73.28380018939394
73.28776681644881
73.29140051498128
73.29509581855793
73.29865211288417
73.30253487769485
73.30684949712644
73.31079879385966
73.31420033914729
73.3181350185775
73.32194735863095
73.32536776620371
73.3307287202381
73.33290382751939
73.33675748873873
73.3400129419192
73.34394028092005
73.3475693506006
73.3525868481595
73.35650886524822
73.35991927083333
73.3625778601695
73.3671089527027
73.37150214694655
73.3759118872549
73.37941729525862
73.3835094004065
73.3869769467213
73.39003727213542
73.39410771276596
73.39746536458333
73.40139918154762
73.40562340686274
73.40954200899843
73.41371519308943
73.41850578703705
73.42287493836292
73.42558125
73.42878507653062
73.43283803353658
73.43686434659091
73.4410087890625
73.4454534970238
73.44946126302084
73.45382432432433
73.45754525560224
73.46131141666667
73.46513763297872
73.46908602528089
73.47324144345238
73.47695958333333
73.48083472222223
73.48492805232559
73.48887121741156
73.49284718851133
73.49684258828997
73.500746958441
73.50468563988095
73.50966594471947
73.513498328877
73.51741994863013
73.52147440245477
73.52541336382114
73.5291683624031
73.53292790841584
73.53751343201753
73.54150605620154
73.54466937335958
73.5485328246124
73.55267336744639
73.55655640015014
73.56062086004273
73.56458066860465
73.56856167763158
73.5728468842183
73.57642690602837
73.580213125
73.5843671430603
73.58814757825718
73.59128060756241
73.59403029214559
73.59774540270018
73.60291537698413
73.60577633426966
73.60983924220274
73.61401878097894
73.61783864182692
73.62148611111111
73.62552827380952
73.62871583781362
73.63180689964157
73.63611068645083
73.64005902777778
73.64463120791245
73.64793087121211
73.65262720959596
73.65704420045046
73.66167205459769
73.66543363575268
73.66949036458333
73.67316416910332
73.67634083781361
73.68114690563725
73.68433776595745
73.68844103107345
73.6925038642473
73.69650832496653
73.70034616228071
73.7042293221393
73.70856340020576
73.71185442073171
73.71603192204302
73.72011217592593
73.72562811836518
73.72938030419223
73.73693834459459
73.7440044450431
73.75019780585106
73.75737062728938
73.76460326867816
73.77267674970344
73.7797581439394
73.78700017338882
73.79381935160428
73.80056875
73.80767588729417
73.81465128113027
73.82169240079365
73.82910242563739
73.83655687203792
73.84335050154321
73.8505699097938
73.85767899044032
73.86403154733587
73.87187976856077
73.87817198129252
73.88558096387696
74.89693253340366
74.90028895757021
74.90389238061798
74.90698049033149
74.9104479877702
74.91417648997891
74.91781769323671
74.9215422270115
74.92507536764705
74.93506919538208
74.93867827219202
74.94169571208113
74.94617294520548
74.94990873756218
74.95355106707316
74.9567493872549
74.96034132420091
74.96399073717949
74.96618387557078
74.97034141791045
74.97314675453515
74.97617285156251
74.98035758505598
74.98364756944444
74.98735071915776
74.99033580801105
74.99294791666667
74.99642017790262
74.99983587398374
75.00313806216931
75.00628052016985
75.00953213028168
75.0133628715035
75.01637969559584
75.01929475789693
75.02255449263039
75.02568543424753
75.02897676282052
75.03247027658047
75.0355362042683
75.03881277654868
75.04260912698412
75.04555186403509
75.04947909118357
75.053375
75.05654096441948
75.05995729551046
75.06306949476651
75.06652083333333
75.06942701547231
75.07270034722222
75.07591371058558
75.07970501592357
75.08346108001659
75.08740555297398
75.09122222222221
75.09542039800995
75.09961961805556
75.10301041666668
75.10684662878788
75.11058695175439
75.11342648809523
75.11672074044587
75.1205420189211
75.12431728249476
75.12799234693877
75.13152578807741
75.13525109484485
75.13857863267147
75.14398987470862
75.14740600345168
75.14937353286385
75.15287338789683
75.15813869598766
75.16007428278688
75.16328014053254
75.16711659136546
75.17089683219177
75.17487263257576
75.17912101876091
75.18234966715977
75.18585117753624
75.18928921332045
75.1925372983871
75.19642279984423
75.20022113453815
75.2040404373706
75.20792594320066
75.21171396396396
75.215515758547
75.21933906938327
75.22364712301588
75.22690715579711
75.23108829365079
75.23470384174311
75.2384923245614
75.24225612745097
75.24607617187499
75.24987020131086
75.25378711854461
75.25770761138614
75.26152975
75.26542465433482
75.26926049648787
75.27303194910515
75.27794902777778
75.28182835144928
75.28513298948221
75.28891870915032
75.29231872106482
75.2960235745614
75.29993037280701
75.30376012323944
75.30820033082976
75.31207837301586
75.31589275234741
75.31955902777779
75.3234511133157
75.32676328502416
75.33115260416668
75.3351413690476
75.33841488821139
75.34205344202898
75.3463981359649
75.34998382675438
75.35375069444444
75.35715283469945
75.36098830782312
75.36481452114428
75.36851041666667
75.37263958333334
75.3764446557971
75.38018850806452
75.38402938432836
75.38777771577381
75.39159100877193
75.39556150114154
75.39929036458334
75.4036073626894
75.40700812499999
75.41136795910494
75.4146365131579
75.41865334699453
75.42175801282052
75.42489930555556
75.42815402777778
75.43133475130891
75.43519746794871
75.43904595588235
75.44281910211268
75.44659082237837
75.4503726126873
75.45414777435509
75.45796132016689
75.46179699768022
75.46560068398594
75.4694056600749
75.47331947865354
75.47705212682672
75.48092328282829
75.48458197815533
75.48820340346535
75.49218882308467
75.49597552550149
75.49988385009766
75.50365045646068
75.50789958333334
75.51171613955823
75.51536664272031
75.51851141905072
75.52236584302325
75.52615788398693
75.53001351744186
75.53381475694444
75.53759253472222
75.5415677579365
75.54489700739408
75.55246449554295
75.55628756598793
75.5600915235369
75.56391383670521
75.56756557539683
75.57134327943189
75.57476005208333
75.57865246212121
75.58225488569322
75.58571574999999
75.5887286637931
75.59200605620154
75.59611029411764
75.59907221756153
75.60283940972222
75.60627407608696
75.60952949168798
75.61265165441176
75.61608865343348
75.62112053571428
75.627015256734
75.63368359375
75.64091194544365
75.64807460585585
75.65540010964912
75.66200966965472
75.66878404471544
75.67599010854342
75.68174595771144
75.69531399880096
75.69871974206349
75.70208039529915
75.70533790204678
75.70914609771575
75.71252653508772
75.71635629734848
75.72013883463542
75.72327587365591
75.7268132267442
75.73054261363636
75.73383680555555
75.73741374491871
75.74083341165414
75.74417086988305
75.74752610930736
75.75090424679486
75.75449197404372
75.75669261006288
75.76001804867987
75.7636668221393
75.76719475446428
75.7716615242616
75.77468576388888
75.77813933165548
75.78144902146464
75.78515100623582
75.79044638761468
75.79325458333334
75.79640190972222
75.8000625
75.80399498456791
75.80720010964912
75.81061553030302
75.81426950757576
75.81626865310078
75.81998593750001
75.82346875
75.82719895833333
75.8306520037155
75.83415893817205
75.83761501736112
75.84096650326798
75.84449170524691
75.84796900406504
75.85153969594595
75.85502665960452
75.86029912825059
75.86367456210192
75.86706758004927
75.87038513513512
75.87354441666666
75.87689192708334
75.8805681497175
75.88414908854166
75.88778715277778
75.89122916666666
75.89498239942529
75.89843299349882
75.90215454545455
75.90555826822917
75.90925398284314
75.91263541666666
75.91612152777779
75.92059133184524
75.92416445035461
75.92744140625
75.93104815251573
75.93468681853582
75.93818964460785
75.94161509646962
75.94530140027322
75.94901781692407
75.9522239744582
75.95638813860971
75.95966194620253
75.96388499293785
75.96707229477612
75.97073342198581
75.98083838996764
75.98435376602563
75.98781385416667
75.99128562195864
75.994932
75.99840604822437
76.00281004262352
76.00608019262981
76.00969377782415
76.01373673724954
76.0173704594017
76.0202182818352
76.02352017914654
76.02762365924092
76.03068402777778
76.03515645424837
76.03935483562691
76.04293014705883
76.04656517857143
76.04978400735294
76.05305387931034
76.05661931818182
76.06023460144928
76.06380674019607
76.0675805316092
76.07185990384615
76.07501283482144
76.079148469917
76.08281467355643
76.08647202534364
76.0900676213206
76.09404328304598
76.0973968495935
76.10149636929461
76.10491579983545
76.10846262676999
76.11249634465855
76.50123588510847
76.5058996408046
76.51080802245731
76.5155255300168
76.52000337509712
76.52466431924881
76.52936701604555
76.53409254896528
76.53855908333333
76.5429987755848
76.54754746962404
76.55211612879673
76.55663859705545
76.56122698643411
76.56595752374784
76.57036984343937
76.57449520311496
76.5789954800195
76.58340191349639
76.97663473119859
76.98083834388186
76.98399101056577
76.98761743613903
76.99127961111111
76.99518702699294
76.99861489466583
77.00219689764494
77.01002891522988
77.01384281316916
77.01771006548975
77.02161318108973
77.02546063195192
77.02953400668837
77.03319932568438
77.03678661809816
77.04094171727395
77.04493638754046
77.16979809397164
77.18782989583333
77.20579509180791
77.2236743510929
77.24096748236332
77.25890529761905
77.2692397875817
77.28023022342995
77.2909327552356
77.30124567914514
77.31176907578876
77.32232227088949
77.3331515218676
77.34309192251462
77.3551820945946
77.36523698781838
77.37553284671532
77.38581818853427
77.525134016463
77.52965400502873
77.53472982954546
77.54006212488459
77.54649762788777
77.55097086121734
77.55556475340137
77.56122576121794
77.56654655448718
77.57116454475309
77.57592525851582
77.57834581743003
77.58247513686132
77.58715293560606
77.59122340606308
77.59539855812898
77.5995922780797
77.60309102531858
77.60578496872887
77.61039876563896
77.6145172591743
77.62307002887789
77.62711272321428
77.63082222945602
77.63464211907954
77.63866457127351
77.64261244322152
77.64500284090909
77.64909203904992
77.65336201619274
77.66344808333334
77.66980202312139
77.67381370538284
77.67747121089536
77.68119690860216
77.68521904225118
77.68833462465564
77.69236220238096
77.69618850574713
77.69930907401243
77.70302318447932
77.70700275969884
77.71209580592105
77.71440706521739
77.71982198286966
77.72285123467704
77.72715261929461
77.73245642098632
77.73624143917624
77.73985111126841
77.74452892873724
77.7486856799876
77.75164213095239
77.75759929435483
77.75971119893525
77.76376604406131
77.76871384359903
77.77133159722221
77.77501365500864
77.77880654761904
77.78281827692868
77.78712595833333
77.79001701082387
77.79337761770653
77.79806080665024
77.80180521647135
77.80559955808081
77.8093032138243
77.81254532163743
77.81658752394637
77.82085396825396
77.82738131179379
77.83145761068809
77.83614288522013
77.84017427101834
77.84286846064815
77.84738294104204
77.85014135599414
77.85335293560605
77.85760363247864
77.86042846141375
77.86571092861206
77.86921468495935
77.87262433651804
77.8760639319407
77.8789263905384
77.88215166666667
77.88627171672556
77.88968065987125
77.8927480212067
77.89580365497076
77.8993145224426
77.90383348484849
77.9074454811743
77.90928318389592
77.9120459342878
77.91545504943502
77.91905585518894
77.92196526220728
77.92507155501089
77.92850536003236
77.93191494605655
77.93652741907714
77.94030165441177
77.9438518608941
77.94645045931759
77.94938338414634
77.95215371514576
77.95700815763053
77.96048607621441
77.96383910747447
77.96755901386105
77.97003365384616
77.97342852011494
77.97644735987379
77.97949503205128
77.98249249031008
77.98582213879871
77.9888544217687
77.99238870397764
77.99574293533605
77.99874627347418
78.00170182291667
78.00562880933117
78.00967036883739
78.0133360598434
78.01821372405966
78.02042886513158
78.02445886948529
78.02872836538461
78.03247779922779
78.03679641712455
78.04076716820988
78.04414269752019
78.047333405421
78.051024333501
78.05469686895552
78.05873131001371
78.06268092411545
78.06678825483093
78.0704174270073
78.07375351589798
78.07729417735042
78.08031426553673
78.08399109848484
78.08862820512822
78.09239062500001
78.09547106481482
78.09945240477923
78.10313522150663
78.10680593354431
78.10971319444444
78.11339319563662
78.11778502387553
78.12135807291666
78.12521964468303
78.12898067989865
78.13202175863616
78.78739979288498
78.79850109407178
78.80950269012945
78.8204265123336
78.83176026188707
78.84229794847329
78.85253078949307
78.86678592936198
78.87082638888889
78.87483961145935
78.87878693181818
78.88283575504246
78.88718276896608
78.89131089400428
78.89627875
78.90058876504891
78.90439617165242
78.90892965733592
78.91328745280474
78.91865394574306
78.92329973591549
78.92787991071428
78.9326813568376
78.93725315265488
78.94188718308395
78.94650227425876
78.95067169426919
78.9554787022293
78.95929305959302
78.96434696502057
78.96875715408805
78.97156205601092
78.97608983585859
78.98139340370867
78.98489298754296
78.98887130376345
78.99319729244695
78.99771838450292
79.00196158402682
79.00594683535179
79.0097877446019
79.01355629374454
79.01748582650274
79.02098181769495
79.02459358443708
79.0286232717803
79.03296412491815
79.03564327718676
79.03983253205128
79.04392392272081
79.0476441532258
79.0519580518018
79.05653139172337
79.06112480590062
79.06414404154519
79.06875912373147
79.07235087209303
79.07547780203784
79.07965573937908
79.08426907855436
79.0885778601695
79.09336416958723
79.09617849949647
79.1006875337109
79.10374755253105
79.10716886061947
79.11141953125001
79.11532484137057
79.11915050925926
79.12383648940346
79.12655811848204
79.13025876986616
79.13356429334554
79.13780000882768
79.14126719042603
79.14458050485369
79.97712317708333
79.98243458781361
79.98763094239374
79.99277126641138
79.99810987068965
80.0034662093496
80.00866389028056
80.01397028041075
80.34498829656862
80.3567997617302
80.36611289231602
80.37451538705584
80.38438491465864
80.39525126121076
80.40368382125155
80.41458668043043
80.42527905483763
80.43478472222222
80.44435041099773
80.45396196705425
80.46402274061033
80.47301826629328
80.48409883046918
80.49287240329512
80.5023907613438
80.51217450142451
80.52180853174603
80.54659542274939
80.55642618534482
80.5673700980392
80.57589014175258
80.58647483974359
80.59634027777777
80.60591692281422
80.6157419632396
80.62544399680604
81.44663533576052
81.45663270600991
81.46573126132246
81.47495959595959
81.55722239181662
81.5662345250343
81.5753755
81.58388203075208
81.5922775735294
81.60183564189188
81.61017178254438
81.61884776041666
81.62724221335698
81.63500979832573
81.6436432021338
81.65169687957541
81.65982647807795
81.66781770833333
81.67611319348921
81.68388666092395
81.69177356508165
81.7360069684618
81.73987294485156
81.74306768419834
81.74642286153119
81.74972965330387
81.75244236442587
81.7596884564552
81.76298900514772
81.76566883972635
81.76986996771537
81.77228950190658
81.77623240651366
81.7789960944271
81.78290306919068
81.78548474326598
81.78966650767853
81.79164535476332
81.79497686669555
84.49862747930936
84.50394286259991
84.50930754116767
84.51473461410512
84.52029714646464
86.24704676910044
86.25183484703633
86.25641802967222
86.26111255747126
86.26655885141093
86.27108962837838
86.27599103491089
86.28100718413553
86.28598286553525
86.29144657528504
86.29538314243028
86.30158846153847
86.30622590377894
86.31199428310886
86.31720614988954
86.32225185643564
86.3257076047064
86.33135011826784
86.33589969270228
86.34048100036982
86.34525477024923
86.35021671587927
86.35529949174719
86.36025981669978
86.36525675988875
86.37034008017163
86.37625194732938
86.38087716652801
86.38610060085355
86.39031985677084
86.39641093441814
86.400152479092
86.40464743975903
86.41138638888889
86.41424663461538
86.4208644428839
86.4251237795858
86.4301034090909
86.43512984271523
86.44027885324483
86.44541461956523
86.44908855347694
86.45390761480411
86.45864168158313
86.46392680462652
86.46829550438596
86.47400183080808
86.47899211711712
86.48387884062775
86.48791196045998
86.49319500545852
86.49833360042734
86.51035536202187
86.51528357605179
86.52003692411924
86.52368381653993
86.52839599609375
86.53375932142856
86.53857950774336
86.54363266144625
86.54758931010929
86.55245019257703
86.5572213112194
86.5620471111774
86.56679113700565
86.57185368130227
86.57695417560801
86.58185416666667
86.58653011254789
86.59202367846525
86.59645953624079
86.60130340770172
86.60660891812866
86.61161194779116
86.61523824487895
86.62150110454051
86.62455174878346
86.62938541666666
86.63376719114218
86.64007138761468
86.64377500938438
86.64829418443918
86.65301085680751
86.65792705256031
86.66373775904846
86.66738498488775
86.67200839757709
86.67706881127451
86.68233465410685
86.68732402234636
86.69134091469428
86.69566049096088
86.7001236178533
86.70471680248052
86.71296842824968
86.71671506268436
86.72026015390391
86.72347280665566
86.72857110507246
86.73047998640435
86.73464086076817
86.73924830623307
86.74276567367602
86.74740970477387
86.75014316520468
86.75710823771442
86.76137266260163
86.76473602159656
86.76788093637992
86.7720515453834
86.77550237068967
86.77845187883436
86.78232350814932
86.7865862641243
86.79007488001744
86.79344643479776
86.79666363960114
86.80062668092908
86.80446194637139
86.80878501647834
86.81309071601942
86.81690912990196
86.8194751770724
86.82354282407408
86.82711201196474
86.8316293821839
86.83382381635177
86.83725897988505
86.84077540650406
86.84630170454545
86.84798270259938
86.85130686608301
86.85521161529681
86.85862906678082
86.86174888565891
86.8652164614899
86.86893001568467
86.87233632246377
86.87571557539682
86.87919756944444
86.88271030175349
86.88623312043795
86.89161299141749
86.89520942503638
86.89846972352024
86.90183919270832
86.90541230815832
86.90898872146933
86.91231833333333
86.91580268361582
86.91935559595682
86.92269298928076
86.92473469539819
86.92818807414699
86.93563365255376
86.9375147005772
86.94229886642157
86.94506670321638
86.94873869013132
86.95184616196333
86.95595537624821
86.95888305063914
86.96298921435059
86.96628086099585
87.44810728434456
87.45499587304654
87.46075337746858
87.46596796837422
87.4719022654827
87.47818936707905
87.48407557600635
87.490194861262
87.49639820906432
87.50202450025961
87.50813335834103
87.5135366404429
87.56617059954282
87.57203573028673
87.57767150722933
87.58296574395577
87.65565186105063
87.66745637755102
89.39766508685365
89.40132096451774
89.4049222765771
89.40828964752434
89.41168584923459
89.41504473590493
89.4185952510917
89.42198070576032
89.42556954924542
89.4290133452381
89.43252190686776
89.43598029458599
89.43960201838529
89.4430893226726
89.44666720257236
89.44994644998704
89.4536817084942
89.45710134539237
89.46040274853802
89.46383587689591
89.4671339223921
89.47063329911019
89.47433551943602
89.47752594509682
89.48128045222465
89.48453861583656
89.48796193663658
89.49120918993232
89.49445115301366
89.49832146749212
89.5011649758953
89.50474921948832
89.50815163719982
89.51172150119618
89.51482876819779
89.51835040081043
89.5215672038003
89.52522279685836
89.52847391978315
89.53203716715977
89.53524918129878
89.53890442825112
89.54229176644317
89.54587102326686
89.5491353713768
89.55264483771406
89.55654411671725
89.55973891011645
89.56307216145834
89.56673337843768
89.57043181555863
89.57376724646227
89.57684589919577
89.58031907925246
89.58431386585045
89.58822792477696
89.5927982371795
89.5991957041779
89.6059115309595
89.61340271057347
89.6198165545886
89.62735385645244
89.63430594781498
89.64126479547433
89.64823368799324
89.65509672619048
89.66217034802185
89.66894810595939
89.67528920717592
89.6814447361933
89.68910640822784
89.69574072087883
89.70150928167877
89.70826710142742
89.71509460412952
89.7216558908046
89.72880627147767
89.73530905388472
89.74203287866449
89.74881523268398
89.75573688504016
89.83383123172514
89.84404322104677
89.85443187010443
89.87120837620027
89.8861378330721
89.98523955709489
89.99032683733088
89.99448073073073
90.00369120525727
90.00859591262976
90.01238774875621
90.01590570584577
90.01917429315476
90.02325657051283
90.02794781602255
90.0311177465096
90.03536911783358
90.04010872005988
90.04914654680366
90.05351763803681
90.05783385752689
90.06217100477971
90.0663026676555
90.07354058159723
90.07754312444146
90.08181686705989
90.0844654084528
90.0883053665234
90.09274613402062
90.09648155216286
90.10100997858255
90.10985880276226
90.11441578605859
90.11800591216216
90.12175504533036
90.12488100405092
90.12830087414349
90.13213397790055
90.13655977000975
90.14107479919679
90.14665029761905
90.15025357744108
90.15435378649634
90.15800663356453
90.16155039305644
90.16529433866087
90.16935610119047
90.17314725686913
90.17634302503052
90.1799771385491
90.18408389809237
90.18804284729187
90.19139287045319
90.19499334377902
90.19822406663516
90.20243238452188
90.20685867869875
90.21140230158731
90.21592373417722
90.220309016165
90.224445781159
90.22914976185119
90.23666612129145
90.24056957567245
90.2436911701209
90.24763264913899
90.25017871485943
90.25408385617762
90.25844715375587
90.26598381410257
90.27030686728395
90.27441726878612
90.27740951624294
90.28188402777778
90.28655721421933
90.28791930061415
90.291939282831
90.29542573669201
90.29946434193954
90.30195357375979
90.30579727564103
90.30905270776566
90.31310141666665
90.32243409827976
90.32481017220306
90.33238245177102
90.34245823005195
90.34882794471153
90.35096172423889
90.35527877519799
90.3593275462963
90.36351568152455
90.36726484763682
90.37110252443513
90.37502047720798
90.37821170843046
90.3822707836513
90.38671395804114
90.38995837637742
90.39426953860641
90.39734052230047
90.40091116821398
90.40463588378176
90.40855960820896
90.41194571048938
90.41562225
90.41951118827161
90.42291605392157
90.42629077680067
90.4300896423969
90.4331640717675
90.43652535456529
90.43992188455657
90.44295358483484
90.44632625125438
90.45005078466754
90.45359644286754
90.4572139957265
90.46044064195944
90.4641857051282
90.51340586917563
90.52838366042224
90.54308531347613
90.55705708194964
90.72593386299435
90.73556541291904
90.74561507678035
90.75459995860928
90.76047793489406
90.7675888884723
90.77323898287385
90.7794487294918
90.78649633044107
90.79280505786714
90.79977104410722
90.80619183139535
90.81274111230867
90.81919468028468
90.82595528875612
90.83216062206573
90.83851062192117
90.84499189915722
90.85154150650324
90.85773840514662
90.86414320554809
90.87054719065657
90.87663209856397
90.8915782566429
90.90219488704368
90.9150550297619
90.92356320427149
91.49272323028673
91.50423386087267
91.51272592905406
91.52454165297853
91.53424228786342
91.54299006364073
91.55304745370371
91.56334322074673
91.57338833898945
91.58313481529208
91.59292458767361
91.60285336538462
91.61175849358975
91.62151468373494
91.63100625
91.64173660714285
91.6517963157611
92.10803059785073
92.11285369797525
92.11835343001168
92.12327545542635
92.12838361439279
92.13314474171106
92.1378749261728
92.14321549279583
92.14695486533009
92.15133691441441
92.15592365885416
92.1606059851451
92.16534427962897
92.17006412146226
92.17501712533156
92.17936186386247
92.18412891457494
92.18920745383927
92.1942928050194
92.19868416191103
92.20410338675214
92.2101880474562
92.21405173507463
92.22076581645594
92.22425169255277
92.23073154302458
92.23525662446777
92.23876281575036
92.24370647135416
92.24858992405207
92.2532487872925
92.25814849958176
92.26317077153955
92.26843715347782
92.27301509279476
92.27813514283798
92.28328684907326
92.28810368533857
92.29377829914861
92.29941876814225
92.30426617190679
92.30908718180254
92.31404453199617
92.44017666771886
92.44601256022024
92.45011111644273
92.45543476557451
92.46036336076992
92.46546397192029
92.47038728466168
92.47459226632047
92.48039680383023
92.48532279761905
92.49040051446052
92.49548220173861
92.50070503215655
92.50534662624378
94.73366574074073
94.74276868872549
94.75209406094527
94.75921659482758
94.80655409263959
94.81303257783883
94.81849924348231
94.82383252281461
94.82899896523179
94.83412375117537
94.83925899621212
94.84348602642277
94.84820841284987
94.85287694597069
94.85751951714802
94.86183250425171
95.07767071903575
95.08341232813548
95.0906628525641
95.09653159801316
95.10254612328178
95.10893585852328
95.11481506704006
95.12085791900094
95.1267594029424
95.1329111378747
95.13880151255707
95.14475265055131
95.15017648121386
95.15696988585994
95.16215029170804
95.16840664556962
95.17428853383458
95.20922533831909
95.2192132936508
95.22920192307691
95.23775450805323
95.24540934405941
95.25303606770832
95.26294123663995
95.27108398125996
95.28096688136132
95.29174843227425
95.3030260253396
95.31405082163958
95.33059289617486
95.33779952994428
95.34608303227361
95.35420833333333
95.36251903998779
95.3702105489418
95.37814656531532
95.38610687154696
95.39373817567568
95.40344693791945
95.41160763888888
95.41933737125468
95.42782241465864
95.43551420454544
95.44397349495848
95.45186179841474
95.45969310897436
95.46870458654774
97.24955096057884
97.25472095264317
97.25858098118279
97.26279102488152
97.2668821453168
97.2711970486111
97.27602305327869
97.31567743945868
97.31999484649123
97.32456924019607
97.33058603395062
97.33299308090024
97.33654238861385
97.34088652286135
97.34513365610329
101.12233782181572
101.12628132086168
101.13080996436403
101.1352834232614
101.13903212565674
101.14382338588588
101.1483975877193
101.15179735556941
101.15570220588235
101.15992211838005
101.16931130804312
101.17301992258652
101.17684405637256
101.18084766236306
101.18465596770551
101.19395281419528
101.19775085167714
101.20165222595762
101.20504275497512
101.20933478107344
101.21319066011236
101.2168828525641
101.22132576275045
101.2288337962963
101.23321899224806
101.23674339788732
101.24070729166667
101.24518069444444
101.24917661516854
101.25329261363636
101.256890307971
101.26023684895833
101.26749753006872
101.27158047945206
101.27536601631392
101.27931396604939
101.28326355874317
101.28807573375262
101.29205970528456
101.29583120519713
101.29940915464744
101.30329057017543
101.30730057529044
101.31117379981883
101.31514887152777
101.31983927658487
101.32418196614584
101.32851398401826
101.33149303057554
101.33536716849149
101.33937569444444
101.3432892210145
101.34763612588652
101.35121875
101.35508061079545
101.3593418715847
101.36322837552743
102.52898534292036
102.53201223958334
102.53589463495574
102.53954504310344
102.54321549479167
102.5464317876344
102.55058098118279
102.55415691137567
102.5571369949495
102.56071793619792
102.56437564528024
102.57240405701754
102.57545840517241
102.57879749293785
102.58256083333333
102.58602353395062
102.58985583847736
102.59342291666667
102.59734237938596
102.6009943647541
102.60448011363636
102.60831436965812
102.61450289351852
102.61450289351852
102.89246068778539
102.89992651686808
102.90901383771929
102.92054966917024
102.93004037571225
102.94187695957095
103.31261363636364
103.322075
103.33360814950981
103.34508869949495
104.65757752684407
104.66187403814669
104.66590823002754
104.67090466859186
104.67586246200608
104.68032819444444
104.68454836658842
104.68941152613412
104.69370486111112
104.69913008252817
104.70387657828282
104.70824373861566
104.71254054132041
104.71706337759463
104.72036458333334
104.72501461226851
104.73358488849765
104.73784893388105
104.74220625
104.74694298245613
104.75118973214286
110.23366618341925
110.24071077579548
110.24675970197256
110.25156037360034
110.25645834408324
110.26180246854135
110.265809125964
110.2708491719488
110.27478179410912
110.27970971858639
110.28384895833334
110.2912146795441
110.29543154967728
110.2993710653753
110.30769
110.31191282701351
110.31615080187231
110.32098636744965
110.3244530169433
131.24048883161512
131.24320758517496
131.24665947769952
131.25027784863946
131.25398409296028
131.25747437739463
131.26075581709958
131.26441467875318
131.2760998340708
131.27981058482808
131.2836924257106
131.28658383534136
131.2900954710145
131.29383604452056
131.2971443661972
131.30065076754386
131.3043516179078
131.30788541666666
131.31947034438775
131.32261458333335
131.3302150143678
131.33385321969698
131.34047374999997
131.34400576241134
131.34793526785714
131.35170833333333
131.3548583333333
131.35879538690475
131.36523567708332
131.36895877442996
131.37273177083333
131.46522664141412
131.46881706267217
131.473190625
131.47710168650792
131.48149189814816
131.48464217342342
131.49251744477914
131.49251744477914
131.49522053571428
131.49869097222222
131.50374247685184
131.50700488569322
131.51047813967136
131.51442349726776
131.51790625
131.52156770833332
131.528001714135
131.53178053160917
131.5359433712121
131.53855330882354
131.54570592948716
131.54968200757577
131.55315234374999
131.556921875
131.5603331439394
131.56423083333334
131.61432471955126
131.61801425438597
131.62189123062015
131.62525390624998
131.62885003930816
131.6332316810345
132.92581764937108
132.92930921052633
132.93277430555557
132.93631079931973
132.93970331790123
132.94403191137565
132.94620300925928
132.95101643192487
132.95535711477987
132.95762697072072
132.9613144707207
132.96847996794872
132.9716968662465
132.97542747890296
132.97858273678415
132.98177838302752
132.98510168650793
132.9886066899586
132.99239764908256
132.99500571236558
132.99853484848484
133.0018502906977
133.00511093749998
133.0119443039499
133.01517458333333
133.01849553571427
133.02196396396397
133.02524953703704
133.0295031622024
133.0335
133.03622282088122
133.03971354166666
133.04344594594596
133.0462049959547
133.05050442146282
133.054236144822
138.18891319444444
138.19406738569322
138.19894234913792
138.20382007575756
138.21165003109454
