File type = "ooTextFile"
Object class = "PointProcess"

0
52.28539682539682
4126
0.9157957900244181
0.9217613527473453
0.926239872064662
0.9307485502650722
0.9358574718766015
0.942478894591174
0.9478897703417083
0.9528160147842569
0.9576503605371535
0.9636508175484851
0.9685282814574552
0.9766683081215375
0.9820883736865893
0.988188764674624
0.9939088733564111
0.9990346464271878
1.0038172117598487
1.008939581374966
1.0128438632297834
1.0187838467207115
1.022975514785266
1.029122622229203
1.0351510732521578
1.039874018613784
1.0444453218735252
1.0506503312843962
1.055493502298756
1.0612721434701178
1.066825487904652
1.0720649544187044
1.0773748217266481
1.0819115385002123
1.087511014161502
1.0909725094322331
1.098157928191536
1.1035875961928667
1.1082330152611994
1.114698905489409
1.1208894261002955
1.1267360644776536
1.1319146670469262
1.1376238488120498
1.1423862862124
1.1487335119299222
1.1539767570288926
1.1581285538049373
1.1654370263759126
1.1691226692778909
1.1781462795359026
1.1841819059451462
1.1887613491501583
1.194126508648585
1.197492076694346
1.2031614487600566
1.2090269602148074
1.2144081527978863
1.2201188965695282
1.2258915965057973
1.2315486260993658
1.2374122846205238
1.243336606245544
1.249342503588541
1.2552200190672225
1.261282249551744
1.2671840800165648
1.2760010534773316
1.2792658805832076
1.285086906559007
1.2910261919889274
1.2969918186806308
1.3026641356723634
1.3087925219160679
1.3145098158748838
1.32458183158096
1.3300095180595288
1.3359010989262103
1.3387363265811167
1.3446134359540745
1.3506068417976635
1.3566966763253423
1.362381312455278
1.3685814575381567
1.3747307901315988
1.3809743049214425
1.3868598618515955
1.3928022892014231
1.3987945076730401
1.4049712590866867
1.4114014931735293
1.4177093024006926
1.4239433989474597
1.4299935634037912
1.436379722328401
1.4425885851034161
1.4487813451301097
1.4547892824141877
1.460780929955158
1.4667683880020705
1.477250271725226
1.479152636838608
1.4853632776755503
1.49189673720006
1.4980969538364601
1.5046542204382107
1.5104995292968713
1.5161244682453934
1.5229040556566513
1.5297107708214428
1.536430305464432
1.5420118793857065
1.5475991936879288
1.5536076246028854
1.56021029663594
1.566985880789428
1.5727757970527332
1.578859584283582
1.5849704115543974
1.5912789601371538
1.5975769409778795
1.6037617280983676
1.6098601780121906
1.6165281740675814
1.6231145420637059
1.6291367256268083
1.6354014648775554
1.6417093449585907
1.648142156858652
1.6549091207912474
1.6613636968728944
1.6676400356827121
1.673773071081369
1.6804549473519834
1.6866047607264352
1.6930394369233739
1.699469149122132
1.70610449420689
1.7122150101617901
1.7188352955550172
1.7250360907449334
1.7316544105940888
1.7376934555131252
1.7443382757030228
1.750452635503373
1.757419851093171
1.7635404273042699
1.7704048282500422
1.7767026262746288
1.7834153135264652
1.7899655622223036
1.7969808110995564
1.804098630184047
1.8099966641709204
1.816321039258248
1.8232032526539983
1.8295905843844136
1.8365169590922978
1.8435406802655439
1.850023711894464
1.8565779489147887
1.8636745033546442
1.8705439122244314
1.8772867969532552
1.8843410682073014
1.8908737512714051
1.8976273929406096
1.9045506418748817
1.9114398516618498
1.9181446894282783
1.9251212751372617
1.9318665768940857
1.9386434242011648
1.9454286043181515
1.9522798307712228
1.9591953021155535
1.9660147852520051
1.9732313084243371
1.98014938225264
1.9871528620831844
1.995787366331172
2.002632484106101
2.008256394601125
2.0152138957329324
2.0219681752615783
2.0291450384722722
2.036202830372412
2.0432536304865243
2.05020595927918
2.0570492991199836
2.063695902560617
2.0714887897620837
2.0788073152332083
2.085725266902157
2.092998198021851
2.1001929913568964
2.109089814223414
2.1145181201295293
2.1217182089895923
2.1291905963925433
2.1362724704604297
2.1433670610256272
2.150648890163105
2.158138011301925
2.1657127277444976
2.1734531497722003
2.1807291240113553
2.1880236944412603
2.1955936591636025
2.203720708396619
2.211263899162537
2.2196855976352516
2.226262959068124
2.2339352720759162
2.2420907182964913
2.2512618754417315
2.257240745652896
2.268985776775924
2.2843347804603424
2.291878940896848
2.300607188673808
2.308380021055078
2.3142841413686757
2.3228469102423612
2.3310807601539034
2.3389524448784127
2.344753757881116
2.3538541599309513
2.362311991401109
2.369491795350781
2.3761239999654133
2.3857765212252064
2.3931667597888717
2.401620471842508
2.4102399395719667
2.4180633389582162
2.426235356634118
2.4346308749910244
2.442830448495016
2.4513341778039144
2.4588002996218834
2.4660477450906466
2.479587815930649
2.4821937828277774
2.4908017873127655
2.4993527385775147
2.5067336812975554
2.515213513719544
2.522894208474155
2.5310251013877343
2.5396861452276465
2.5470406270202526
2.555295771211421
2.561928668548466
2.5715507997246516
2.5802591098378422
2.5878245311551673
2.5968050067156936
2.605442577756397
2.612376167499838
2.6207535190349147
2.6382135259118003
2.646432090937777
2.6545307604853883
2.6630023503591205
2.6713521003661307
2.6803328439485035
2.6875107374559946
2.6943105150426705
2.703557391738535
2.7125139940294
2.720701897273289
2.726672127152927
2.7369276019058164
2.7441971245960497
2.762251596032002
2.77047863106371
2.7784665083557716
2.7871889428260275
2.7947779609993075
2.8043872244563577
2.812493916461235
2.8216406386234634
2.8294889866426347
2.837371067866053
2.8461790169711207
2.8550676821162915
2.8633854936076304
2.872761417934478
2.8797085612472513
2.890083683735074
2.8993889754017808
2.9079223631265494
2.9169274164309895
2.9254701916851538
2.9342821955380267
2.943322528390117
2.951662450682975
2.960287047524746
2.969235177671952
2.9783808058991394
2.9868993478615598
2.994020283921452
3.004782526860304
3.0137718829937805
3.0231227408267167
3.032162949016326
3.041265860998854
3.0508023587823128
3.0597225119494396
3.0679880786552576
3.076773513143575
3.0854832699221872
3.093851049669872
3.1027774337118976
3.1118214383061713
3.119235292485901
3.1285816227495973
3.1375262889196818
3.1475296601975224
3.167818235253689
3.1768788938134174
3.1862132161895906
3.1952042259547824
3.2046532511389163
3.2137215007215008
3.223249104343803
3.231907127245279
3.24084307435482
3.2479588309132943
3.2570222261656387
3.266762050653809
3.2767351782485146
3.286185051009752
3.2957245335513394
3.307927597294715
3.3176116552447623
3.3275509112143697
3.3367756575932885
3.3465438202487454
3.356211172895783
3.365611365005444
3.37589750292247
3.3858559269237927
3.3955671570456873
3.4025791836628754
3.41558302221191
3.4254579782237555
3.4352032125371124
3.444315989991731
3.4546079577816737
3.464571186771331
3.475504953654658
3.484858067894265
3.4954449029557817
3.505409234334209
3.5160546324103215
3.5272197381432924
3.5378823307978484
3.5490490629688
3.559444605048315
3.5702325349254695
3.581653276786405
3.5922868875050917
3.6037772975164346
3.6138557379844167
3.6254150838544095
3.6364109794207566
3.647596828108111
3.657731010725828
3.669046462967669
3.6804533045923424
3.6907031467037075
3.703504507340662
3.715442672376142
3.7266016553680292
3.7382691193721818
3.7500264856088426
3.7578381104776457
3.771406069018468
3.788574481471
3.7990818774975996
3.8170754147115105
3.8415619497818776
3.852763420989301
3.863422210997829
4.219892021537688
4.229145241680436
4.245943475239558
5.439936550153514
5.443246185974212
5.446243606100322
5.45221888734324
5.454448186692761
7.258202223563636
7.263498898333279
7.269371793690861
7.274041711210311
7.279214787149427
7.284478283321462
7.289629639533938
7.29494264897497
7.300027811258951
7.305684345413179
7.31077815026374
7.31576806981407
7.320913381380975
7.326150981711544
7.331766603227576
7.336358705638288
7.341254188362149
7.346120083873738
7.351648239258511
7.357306057370305
7.388950783942506
7.388950783942506
7.388950783942506
7.388950783942506
7.388950783942506
7.39406871902559
7.399490722338916
7.424269773183643
7.424269773183643
7.424269773183643
7.431399114952533
7.437656001666411
7.4435988249538205
7.44938281884167
7.4555659628928375
7.461770798356117
7.46755899008466
7.474022723846964
7.479463968419707
7.485407545004793
7.496739006901107
7.500728683610849
7.506941926876906
7.513561359436077
7.5186676273736195
7.5246646111133195
7.5362407456114315
7.545533265614759
7.5509626062595405
7.556230235002134
7.562772512308356
7.569295387723708
7.575740849256351
7.581940122852651
7.58715219561494
7.593030964805472
7.599391145107815
7.605425278567287
7.611727785554843
7.617086008181007
7.631063680577202
7.635386223032333
7.648269012696606
7.648269012696606
7.653503194837813
7.66701103349275
7.673386820768021
7.678893383613492
7.683793459889289
7.691072913574995
7.697824419837261
7.703494360289664
7.708536230387605
7.714202019186399
7.7211758245483075
7.7254981818716795
7.7977255354857
7.804172822784799
7.811003923086628
7.816647894951941
7.822229526476857
7.846422306185454
7.846422306185454
7.846422306185454
7.848218914532604
7.854744875740712
7.86229458967101
7.868621944069545
7.875731218282843
7.881510455364836
7.887532146855003
7.893841595166078
7.900026646517179
7.90678473634855
7.91208830251367
7.9185565825964455
7.924059763587704
7.930323382316249
7.941302849038037
7.943435896295933
7.950031256227357
7.955934053455295
7.967774575714926
7.969811368018673
7.975812391481364
7.982686660676968
7.989655543373686
7.996381915602262
8.003519645790394
8.010522908849705
8.0165308945458
8.023108620062187
8.030018910720214
8.037869846192907
8.044490672798611
8.051548886424385
8.056808247432016
8.06340123060168
8.070510003164888
8.077130283429742
8.084884105433357
8.091773789160076
8.097120890977243
8.108657296861553
8.11150530772377
8.11880652402501
8.125833427137954
8.131799908957895
8.138063472851508
8.14343314683912
8.157039922091123
8.157039922091123
8.166191695290161
8.173946307872693
8.18112638366102
8.18769239352003
8.194250393791155
8.199850443674636
8.204867755436402
8.211130824607336
8.324091113086649
8.324091113086649
8.330643035576074
8.337266857925384
8.343933084235987
8.350861381437735
8.357762832435714
8.364401598331971
8.37090208922142
8.379358624779677
8.386520216873759
8.393111307420208
8.400122794530613
8.40785913303785
8.41447112565805
8.423043323884533
8.437282462079668
8.437282462079668
8.443497474271307
8.450298564003473
8.464793144804965
8.464793144804965
8.470827649814037
8.478051456268021
8.485240679157855
8.49031965567646
8.4992611893007
8.50449536672079
8.511939119545815
8.520871262876133
8.527931547888791
8.53514595650052
8.542338732443373
8.547301864682089
8.564848152714616
8.573167332173293
8.578436618892866
8.585514679950665
8.595241859808965
8.601768046189152
8.609275765023472
8.617081911002458
8.623410475984862
8.630082748775806
8.636861415923153
8.64462509524141
8.651920859795412
8.65941537222054
8.666585536508533
8.674403017568705
8.681604457060438
8.68869992040329
8.696565585395398
8.704217971008232
8.711298261390382
8.719157660781491
8.727418914173226
8.73620490595286
8.743009353154493
8.749534929078322
8.773769209459743
8.773769209459743
8.779709020257064
8.78772370299785
8.795050076560067
8.802257805405688
8.810176565217764
8.817298046602629
8.826810316197305
8.833003320292171
8.839773180435722
8.847143148720754
8.85481727133672
8.862262264785743
8.869740046442491
8.877897295538986
8.885035630857729
8.892769833653999
8.901020832264399
8.908088867012603
8.91540090878255
8.925046182607105
8.932679013703915
8.93910219076878
8.946324570486796
8.95400367382095
8.961897694399015
8.96951785584531
8.977682430640073
8.985645892934777
8.993133430466283
9.001188025311807
9.00955673818873
9.016991679297945
9.024830290810097
9.033196925579416
9.041511610563294
9.04878586616511
9.057162632838837
9.064174757422451
9.071797238566004
9.079451961816778
9.087062488347023
9.094842435377998
9.102944920437322
9.110614655977079
9.118723360435524
9.13077828752204
9.135536818659864
9.142576081026196
9.151367495309144
9.160195715662445
9.168434789890762
9.17864726387425
9.18673382993051
9.193528657406302
9.201492502875237
9.209265317642723
9.217478824273782
9.225680427692888
9.234339961881538
9.24502696684178
9.251079126483846
9.260476764590507
9.267971372063364
9.278832919815008
9.286216023434887
9.294118454742067
9.300505303908999
9.308285318084282
9.316457782623582
9.324582929712978
9.33320281002383
9.346119145978783
9.353131428459525
9.360054361841652
9.369241026379113
9.377883211393602
9.386504094359871
9.396008516827784
9.40517970410517
9.415066270552593
9.424919770115793
9.432470315324283
9.441626045948562
9.452015825975211
9.460890224153012
9.469758772754037
9.480456403909226
9.488257549019075
9.498108972921246
9.50766409220962
9.51540814127849
9.524173430408537
9.532981552079614
9.541449368487964
9.55084320941023
9.55977402924127
9.57214008481414
9.580788866398496
9.613049448944434
9.623275167285032
9.633956839364993
9.644283744590295
9.651953585705382
9.661941672855171
9.671745738941906
9.681890366272977
9.69362935381268
9.703305610331709
9.711761124056812
9.722830718736503
9.731042936829668
9.742490078582827
9.75143841753102
9.762454089978762
9.771806639481165
9.781714773184461
9.79236007987225
9.803503460362231
9.814412159087855
9.824949744278522
9.837252216803591
9.847780978544675
9.858531220767643
9.86957192303605
9.879822500383652
9.889044569141141
9.89969737318866
9.911358888640416
9.92080435150857
9.931336788900884
9.943106841425589
9.953521728147667
9.964202434882152
9.976705452258106
9.98697385420211
9.997855498798966
10.008311049053999
10.017858108610666
10.02872179157938
10.040038294641775
10.051412993049219
10.0653189301077
10.078190487823173
10.088667618816174
10.098795703863445
10.225743345126562
10.225743345126562
10.225743345126562
10.248031615407024
10.262635307869727
10.275867540276515
10.378658784482365
10.397652477871507
10.622045883303864
10.631019538668415
10.64014953725395
10.64861352520193
10.656619318361528
10.665217085295657
10.673953727045498
10.682479275922287
10.691284856072059
10.699033331779678
10.707418852783444
10.714641971566149
10.723518337283197
10.73143391772059
10.739664334904164
10.7493379395157
10.757071185008806
10.76501536261455
10.772394419329567
14.426813092213575
14.431299278251648
14.43514274929265
14.439268395436569
14.44346910472936
14.447879206522101
14.452254433474312
14.456733079859541
14.460828934704375
14.465368018877053
14.469511315127155
14.473511854091923
14.477931174629973
14.482434244000919
14.486887605011347
14.490725707329748
14.49477692923334
14.49872327942141
14.502797349100307
14.506764583426266
14.510818667409403
14.51479298448394
14.5190589055445
14.523094153738414
14.527297704467939
14.530836385923472
14.53434834457141
14.537922897713587
14.541536487567324
14.54508288788036
14.548668512279448
14.55230879268853
14.555919507877084
14.559526728088487
14.563208589961068
14.566787733677877
14.570495896013004
14.574385436207816
14.578075134949474
14.581897847242926
14.585584527924544
14.589488814420855
14.59334832898165
14.597219187101185
14.60089677036497
14.604475748044164
14.608291775712448
14.611902051369004
14.616034446084274
14.620054353717396
14.623726607372165
14.627493196826302
14.63152517028939
14.635967946972038
14.639896179081665
14.643678880817804
14.64735707597773
14.651624378730741
14.654495699230297
14.65818829850641
14.662177677708438
14.666556484673873
14.670772729761369
14.674713053579213
14.678504073666508
14.682026717686178
14.685876136383232
14.689511091638984
14.693148647828865
14.69691039608998
14.70065943507249
14.704350195146416
14.708220081734979
14.7118874411396
14.715491651882832
14.719068140961818
14.722612830666794
14.726008262188701
14.730680788478198
14.733900124483046
14.737716459409414
14.741788734074351
14.750544367075927
14.75461275102436
14.75879956669383
14.762116269499783
14.765970035960972
14.770203221997331
14.774158575863142
14.777689675829157
14.78125385255173
14.784690059135167
14.788553024109325
14.792241709149707
14.79599657165219
14.7996234074414
14.803219483822966
14.806844041117348
14.810496424737854
14.814131724031894
14.817810113149505
14.821430067935438
14.825064830421846
14.828823742539958
14.832617981327116
14.836268795969259
14.839953783259862
14.843561542648942
14.847170948806479
14.85101523085725
14.854692690966925
14.858467638706893
14.862359298030393
14.866487218373347
14.870255715830181
14.874228691338306
14.877687425581362
14.881185346242304
14.884966565772036
14.888458596541067
14.892014587219103
14.895904505727527
14.899990468276274
14.903859065350147
14.907504018033741
14.911213675523648
14.914999380680907
14.918516383144361
14.922134658459658
14.9257315238649
14.929403549167889
14.933048100766996
14.936634477925427
14.940240907101368
14.943879178532631
14.947540398997969
14.951255120534492
14.954935152444117
14.958623583517168
14.962341198970458
14.966029068155535
14.969562016297305
14.973346066993855
14.976955156709655
14.980483795934465
14.984169178627855
14.987803966294686
14.991514956455049
14.995104700168728
14.998821672195891
15.002413430392396
15.005948863733465
15.009599463810687
15.013234233274014
15.016821176690064
15.020512691120764
15.02404569962671
15.027687596600298
15.03146739960979
15.035203761632673
15.038996527184741
15.042578382477153
15.046014384570604
15.049638827035498
15.053387597918558
15.057173439514589
15.06088331919204
15.064602333254495
15.068215248879838
15.071780653954843
15.075517809497146
15.079293027069697
15.083100019499565
15.086823038823383
15.090617684034303
15.094399220477943
15.098105990175226
15.102003424388782
15.105736919193802
15.109422387738983
15.113086648463456
15.116768869398367
15.120381673871472
15.123968227422164
15.127713025810172
15.131480452153934
15.135229781240689
15.138927808459426
15.142721714822764
15.146521131601345
15.150385648039185
15.1541946176375
15.157920563127973
15.161818425301783
15.165613257782159
15.169504560776744
15.173342568843212
15.177115994677617
15.180920371575766
15.184635282759064
15.188487947463967
15.192271692313419
15.196081104768279
15.19991208882729
15.203645220316115
15.207501358871559
15.21142956130227
15.215134135315864
15.219010751050718
15.222758590397953
15.226576607797632
15.230316994308708
15.234350009796241
15.238073616915438
15.242040380759857
15.245861560974372
15.249915624486865
15.253836092118357
15.257891481342607
15.262099490133316
15.265994738308487
15.269734644176243
15.274004787927728
15.278036829696314
15.281772710718375
15.286167477954145
15.290367440022354
15.294228003525843
15.298328382068458
15.302466735113063
15.306528418239374
15.310367519469903
15.314282903617922
15.318046946922323
15.321811448851818
15.325620361512264
15.329399893234235
15.333158774152727
15.336910503841285
15.340725978740236
15.344554344446921
15.348422946052684
15.35227194807868
15.356184863854669
15.359975960338904
15.363828838881542
15.367723512867164
15.371677470912015
15.375605995969858
15.379537545180124
15.383541109879651
15.387456583674927
15.391452804894616
15.395357773922889
15.399277692469049
15.40323189792025
15.407221558715065
15.411235937199832
15.415279040368628
15.41942762173212
15.423463699207371
15.427288019052687
15.431234554449269
15.435290085294445
15.439302658313181
15.44338759882843
15.447554408056142
15.451446720685496
15.45528385383946
15.459347958757625
15.46338265168735
15.467338002683642
15.471353310995022
15.475432411668622
15.479588836686162
15.483737874702655
15.487941067187979
15.492178297623983
15.496494387333488
15.500896105132036
15.505182561262865
15.509607260667464
15.513485698955472
15.51764530102632
15.521881915406748
15.52657594557277
15.530517925793596
15.534378326730588
15.539087127468983
15.543302833849662
15.547700759587757
15.552471065043736
15.556590013352556
15.560556452926203
15.564638060298899
15.56883730206888
15.573036976787973
15.577208588445382
15.581552957048109
15.585939380326174
15.590285464621159
15.594597671278546
15.598829964837488
15.60303375978972
15.607356086582676
15.611706927771346
15.616239792310395
15.62056730839115
15.624936198448959
15.629312531824631
15.633740005326109
15.638161466127443
15.64237818648083
15.64677014171217
15.651309062176912
15.655856920280655
15.660578211993272
15.665040700098233
15.66959946469853
15.673964545186937
15.678564547263797
15.682959594643396
15.687076112254516
15.691335318290074
15.695611112325524
15.699914650871612
15.704145566829315
15.708297441497924
15.712596078660267
15.716980863388907
15.721331513513073
15.725626890024735
15.729986875369834
15.734321970632273
15.738719635887444
15.743052541652016
15.747520652823752
15.751920139385971
15.75620885593604
15.760609760300133
15.765045296168084
15.769660716694462
15.774315502336007
15.778963290312266
15.783425792891052
15.787934385023876
15.792448535894806
15.797136651193547
15.801949699766073
15.806723751501034
15.81203432722386
15.816925735429525
15.821307733202584
15.82556650091305
15.830272755584222
15.834961873165113
15.839456945196751
15.843941794824085
15.84870149339163
15.853552392182873
15.858066135765524
15.862598045087859
15.866790200992329
15.869737306798422
15.87429889126785
15.878813113693198
15.88326568240684
15.88941277439892
15.8939799676128
15.89858254387127
15.903173275433753
15.906219456555048
15.910997717540813
15.915718670258661
15.920382225758582
15.926725078943917
15.929940932568629
15.934799558438042
15.94132781214072
15.946219172820145
15.951228865803307
15.956073314250498
15.960682898492731
15.96546553680573
15.970275737735555
15.974809114694738
15.979265215741936
15.982349973159232
15.986970119729015
15.991479058230118
15.997958032420632
16.002613042624787
16.0072104539866
16.011965654304415
16.016636760198587
16.02132537968723
16.02607250022239
16.030737350437054
16.03537965617691
16.038365571930274
16.04314597844594
16.047948491334648
16.052722351541952
16.057572721465508
16.062363591428493
16.06702791412971
16.073718502703983
16.076721784488917
16.081663109945303
16.088326294619016
16.093192394549067
16.098084105131903
16.10292898991203
16.10772867876655
16.11247604092475
16.1172868519935
16.1221495980094
16.126861808004147
16.1298646047213
16.13486436951253
16.139826858927908
16.144731214937867
16.149683600604902
16.15450891218653
16.161374329437244
16.166381957672424
16.171329879976827
16.176223603707143
16.18131848609419
16.186588193611062
16.19190618828611
16.196702178554702
16.201780927898447
16.206737988835076
16.21024109848892
16.215444497984844
16.220479047005572
16.22546958599939
16.232597943428093
16.2375190127869
16.242367279360714
16.245494596795695
16.250441462273884
16.255353007963507
16.260201299785315
16.2651115454994
16.272301471106854
16.275147493990374
16.28021378661347
16.28547633707951
16.290710744391657
16.29581227417807
16.300996154633946
16.30628021796873
16.311406289270575
16.316655841215077
16.322006868301642
16.32726010397323
16.33528743654517
16.340484034362248
16.34309971174013
16.351177401391396
16.35641209804557
16.361405581044465
16.36435192437922
16.372040666981945
16.37485356824643
16.380146273435994
16.38559897576853
16.390939796542575
16.396078669643863
16.40114019664217
16.40634404861701
16.41156369891548
16.416865018489776
16.422079075226954
16.427402191109532
16.432842463413785
16.43841186703551
16.443858996751853
16.449553832513452
16.455331833541138
16.460750382746436
16.466524836548366
16.472423968279237
16.478077306043907
16.48731383366571
16.49229977261634
16.49519763834361
16.50124913170661
16.517939545729718
16.517939545729718
16.517939545729718
16.527022716103147
16.537960614820964
16.5436182931356
16.54880908050251
16.55384989814799
16.56045450013329
16.564315026729698
16.569407089060217
16.574735376391832
16.580368317832882
16.585754594711258
16.59151163607101
16.596854518671893
16.602699247833147
16.608094653352854
16.614055156934846
16.619562806098376
16.625626339398732
16.63147138673291
16.637515087845877
16.64339355079954
16.649775875914592
16.65595587788533
16.661936624509213
16.66787100839137
16.673417144991866
16.67920616753586
16.685547461808778
16.691498100726495
16.69738633371311
16.703241785687936
16.708595231368207
16.714343243841675
16.720203575068098
16.72604350740272
16.732057953030964
16.73813208968586
16.74416355435992
16.75018504677636
16.756212986473198
16.762295180421972
16.76839834329865
16.774771699240173
16.78089538618091
16.787155815305656
16.793246760936103
16.798769134662546
16.80482573504534
16.81165744759585
16.817161794042082
16.823191939831656
16.829334449836846
16.835445516452513
16.841749476441002
16.84815535197155
16.854852243388837
16.861559967813708
16.867638955882402
16.87385436295877
16.880293738985
16.88688512522913
16.893507238864604
16.90061600974284
16.906518842483653
16.913774071418466
16.92015910712111
16.926152315710688
16.932654921415697
16.939248282617676
16.94597649457927
16.952152532784865
16.959043061725296
16.965101203960856
16.972318002481064
16.978856699768034
16.98617018265708
16.993596697639138
17.00074245941763
17.007397014437405
17.013902543551794
17.021265225422724
17.0289633694351
17.035092345913803
17.041288595396527
17.049043387177136
17.05539639883866
17.06414850748529
17.069362830527055
17.076667538810398
17.082477588557115
17.089640316724985
17.09623158204748
17.10326756302004
17.110006718658028
17.117157429878766
17.12389365710228
17.13121517718709
17.137732087521826
17.144853456572527
17.151524837805866
17.158946060510544
17.165528919099216
17.172515909988306
17.179346583034885
17.186735822798017
17.193475371352655
17.200753534197794
17.208646247655388
17.215655927307257
17.222566992242808
17.229544930454956
17.23651909839152
17.242968639006605
17.250150204420567
17.258589881511686
17.265690880468274
17.272475787543197
17.278919516024047
17.28569257326651
17.292601234861202
17.299927873364705
17.307238364197502
17.31453223091746
17.32205284516818
17.32942280127143
17.33665055945276
17.344778713699704
17.353970369299606
17.362395704235666
17.370236704156145
17.378489788072095
17.385006253863292
17.394386160877097
17.40104869700425
17.40940876369601
17.41741630147528
17.425897842653413
17.43438390510837
17.442968783898326
17.451888460819745
17.461437606109065
17.469950567152818
17.47788642854727
17.486698079069544
17.49324610861878
17.503154689055606
17.525875236995358
17.53498174904632
17.541897684871863
17.552142011125923
17.56018655236341
17.568001783205357
17.576041133800743
17.586171766836546
17.603601113119844
17.621386610022974
17.62864647008028
17.63637982930143
17.643817223274436
17.65169494333009
17.660099837850982
17.66777887722494
17.837331836407756
17.85437537916211
17.871565355474562
17.893403794935455
17.90174721469081
17.93757096331053
17.945412053339425
17.953411093836312
17.96103304966836
17.969807424669646
17.978499253644742
17.986821818389117
17.99425360482196
18.00431824550673
18.011787583762178
18.019095252496566
18.027844519962567
18.052304192103165
18.059978110501532
18.066944142000413
22.8071461754435
22.810479846187345
22.814261010500243
22.817556876764893
22.821151868753986
22.824951626001948
22.828529452301215
22.832073449720664
22.83574731547022
22.83914668532751
22.84272728517703
22.846264993683413
22.84965128833616
22.853075424520732
22.856543734562596
22.860073356740628
22.86363870197733
22.86719709502608
22.870717315475947
22.874305371747937
22.877995654733624
22.881595902479464
22.88507818064335
22.888717492718154
22.892427345259392
22.89627816645183
22.900093825413354
22.90382919182336
22.907679652860033
22.911468269363134
22.91535453522471
22.919320990949885
22.922880108070515
22.92670422160634
22.930554903691263
22.93442667342974
22.93903370487545
22.94233201528058
22.946256497832092
22.950554301909563
22.954695763313694
22.958528472134223
22.96239806100533
22.966177474735055
22.970055682929672
22.97368135788132
22.977641718182518
22.981518125719106
22.985329032966856
22.9894178168181
22.993116281624133
22.996949852879563
23.00098321102939
23.004591242774413
23.008648334580453
23.012678902602858
23.016829044869333
23.020670880070845
23.024680012298564
23.028625042937243
23.032692446228513
23.03667305646332
23.04068283941823
23.044500934726297
23.04866354834044
23.052846943463987
23.056895264945574
23.06072123714436
23.06441983849974
23.068145063519445
23.071652631637935
23.076303033070783
23.080722351097908
23.08671834318921
23.088512185999928
23.092980048494546
23.09699462791407
23.10112371052913
23.105239012791337
23.111074564067465
23.114922467276728
23.118932769726737
23.122640250430848
23.12642281522725
23.130141678756633
23.134036926649735
23.13796432863556
23.141801661751725
23.145449776058747
23.149622536370586
23.151746956349406
23.15585067907597
23.15996438263919
23.16412681245461
23.168560570533113
23.172871079789694
23.17712830121589
23.18090721803516
23.185097886216692
23.223914258609533
23.2282304786472
23.233964984858247
23.23781306092724
23.24163481613805
23.245314157098314
23.249362469487995
23.25295829986441
23.256855992716105
23.260599145288257
23.2643852411641
23.267899177366722
23.271888992449846
23.2757561240173
23.280175786544415
23.28424856107259
23.28815006583534
23.290565811360633
23.294879077571633
23.29931524174129
23.30379122511102
23.308408324552914
23.312709207582017
23.31687639332208
23.321126034768717
23.32531849434185
23.329638759167377
23.334151519797825
23.338611292357218
23.343074237552457
23.347428712330544
23.351567864790546
23.355647191263877
23.35964437455223
23.36363324983777
23.36763570118687
23.371651394348817
23.375661200222755
23.379677694118303
23.383742612288337
23.38784938978128
23.39204145324062
23.396295325000565
23.400672267707737
23.40517421373803
23.40969128703347
23.41412639829593
23.418550699034892
23.42349636027806
23.428010960673724
23.43245250058059
23.43702326090766
23.441288973410618
23.44590606370653
23.450636465889165
23.455562833951
23.460070936498244
23.464836643694973
23.469477785123406
23.474007036732825
23.478741084439648
23.483371108948077
23.487837864384634
23.492092287432385
23.496359809947478
23.50058460608231
23.504792519138977
23.509107207501593
23.51344955646578
23.517766628891227
23.52208534050417
23.526442414286834
23.53083456457157
23.535249431299345
23.53972987675875
23.544261380277568
23.54892082842984
23.553501439005498
23.55818629997615
23.56304212700849
23.567821253974895
23.57246004456554
23.577383155185572
23.581985069333783
23.587039218399514
23.59200941051623
23.596678770501693
23.60126505942443
23.606062558025986
23.610822600971275
23.615543580494712
23.620298477052312
23.62495805761018
23.629422154185654
23.63405459565898
23.63861480887975
23.643190512542077
23.64781671707221
23.652491672834216
23.657163515420017
23.66189818766062
23.66658005288159
23.671396773700767
23.67613035567994
23.680928236323744
23.68572994849198
23.69060223800241
23.695547748835775
23.700490679258785
23.705450669879117
23.71055704093215
23.715689267020732
23.720624576565147
23.725920593963426
23.730865921356763
23.735838639423687
23.74084309119563
23.74598754558162
23.751101700829484
23.756146492080184
23.76124896333171
23.766273063419998
23.77117411879397
23.7760218099816
23.780907285422547
23.785709758643968
23.790606379118994
23.795507238580136
23.800411453129144
23.805415079472677
23.81037924204644
23.815558118345447
23.82080630254769
23.8260704121884
23.831312402149624
23.836614944341097
23.84190248193326
23.847342329264585
23.852587210838543
23.857839933211203
23.863090947687624
23.868349097697305
23.873622843047254
23.879043069414717
23.88415652533629
23.88951836806992
23.894658312133267
23.899842917180234
23.904995533537058
23.91026464878758
23.91545385200368
23.92076343807984
23.92596089355578
23.93143986811077
23.936773393960316
23.942090338558955
23.947384201111383
23.952696988094946
23.958138665810736
23.963611493845868
23.969214502679005
23.974852131249044
23.98037429149251
23.986063594537487
23.991698946653504
23.997153297838363
24.002638749855013
24.008093378523863
24.01354014700912
24.01886277935163
24.02433020248217
24.02979328658292
24.03525750876604
24.040769364688096
24.046357771506575
24.051897070571634
24.05746380524938
24.063112921217044
24.06891465043616
24.074695683346146
24.08064197827039
24.08674510343574
24.09257790436302
24.098253163707355
24.10410532792614
24.109934161954246
24.11579635531688
24.121408757328904
24.127098659278303
24.13281760802684
24.13856484500827
24.14454923661105
24.15036195442676
24.156289218792182
24.162125325857453
24.16796684223428
24.173766712831103
24.17979377625367
24.185705604610884
24.191393145569695
24.19743518534405
24.204212066910614
24.209949554300078
24.216200721036323
24.222504669032734
24.2288964442528
24.235300503451587
24.241339941291262
24.24766322097712
24.253928885475027
24.260337085274973
24.2665800829738
24.272979087346005
24.27932590738115
24.28536753066997
24.29161950621972
24.29777668969111
24.304381403238704
24.310639729707678
24.316703686308443
24.323097020913337
24.329253276890014
24.335407860568694
24.341844118916395
24.348047817763128
24.354935648694212
24.361643570089555
24.368212680363083
24.374747004197733
24.38147443362634
24.388050338388854
24.394927932385077
24.401601655168484
24.40825605181635
24.414819713291163
24.42149716684334
24.428907459633688
24.435828689594615
24.44282354807339
24.449308598511287
24.45585906761557
24.462681372567268
24.4694514950488
24.47610759677863
24.482746721841096
24.489353248529422
24.496016540004995
24.502626686502147
24.509625422963627
24.51628687168573
24.523089093518006
24.530194026215018
24.536896055798124
24.54381158801549
24.551456058541163
24.55825809650933
24.565419069680967
24.57284249289994
24.580120293232184
24.587032537953696
24.593883726819236
24.600799004038134
24.6078168294857
24.61516070793553
24.62252517353155
24.629982663186578
24.637503799758324
24.6449220465299
24.653064522419754
24.660680643134313
24.669237750913975
24.676240019314175
24.683307867877243
24.690635268773594
24.698568154741686
24.706353210741263
24.713886428634062
24.721349221101566
24.72909723655195
24.738616670561424
24.74655839366681
24.75423558756449
24.75980932442105
24.767095396998716
24.774808190510484
24.78231676387367
24.789932910276246
24.798853654747607
24.80517580192766
24.812977554442238
24.82007509520137
24.82826094303348
24.83534699729401
24.843162989808405
24.85162707213853
24.85853951549886
24.866052909594227
24.87367455216877
24.881514544861194
24.88943816313861
24.89780195495799
24.905233007288924
24.912908233223927
24.920916697852725
24.92925098624894
24.937176738289196
24.946239795801954
24.953494480501856
24.96240462872606
24.970041630144955
24.977815159726017
24.986109848449683
24.994383884957724
25.003041771170203
25.011862070803673
25.020434356151217
25.03065801621727
25.03834778294544
25.04690507171137
25.056729977433317
25.06453510007427
25.073866750800036
25.083446698394173
25.091700053921425
25.100075600612758
25.108726720712678
25.117100463821746
25.125807894747762
25.13429929692011
25.142960229237094
25.151611589442762
25.160174226811446
25.16863569866897
25.17704222505196
25.18512782516586
25.193757049121373
25.202662915490766
25.21150963153811
25.22035896661887
25.22950007447723
25.238846337772333
25.2484660868534
25.25798771690468
25.26737604200719
25.277153505359973
25.288344047767485
25.29926564130466
25.306698498509025
25.314924110145125
25.324877256714604
25.335178101705708
25.343766815136668
25.354498674474257
25.363615017161166
25.37268261256958
25.38202396707403
25.39000142846923
25.39997284363265
25.40962437603281
25.42066703959663
25.441105009780696
25.451819838174146
25.461928326354165
25.473631470996803
25.48336771846999
25.501637811726795
25.516542962802447
25.523081482816913
25.532480533659673
25.543719955375114
25.552539543288617
25.57399216100013
25.584515865789527
25.59448579451213
25.608222540766878
25.614690074155728
25.655734253933662
25.663471785377048
25.671344393062558
25.682156394630564
25.691361425478483
25.70021091037433
25.710161048838387
25.721140480532206
25.73099643838865
25.779567663635433
25.798305889790175
25.85028880835954
25.858690848758734
25.86813248327
25.87810530210656
25.888985366716646
30.877850625112675
30.88148352212513
30.885277366616368
30.88884986578851
30.892344629795137
30.896118491643712
30.89964156410329
30.90318593569351
30.90671189922553
30.91035362665114
30.9136426279375
30.917264987195164
30.920580083021555
30.923937848963806
30.927347898319212
30.930731314359296
30.93413282745333
30.93765329039942
30.940931350151004
30.94447569028007
30.94795522116745
30.951022222973933
30.954789934656276
30.958417259470906
30.96157145481551
30.964874891856052
30.991978861943423
30.998885852133323
31.00577442410676
31.012562526976556
31.019262498334708
31.025927591566703
31.03256408334818
31.039261448920996
31.045965736426506
31.05260744772435
31.05920692296705
31.06582634634699
31.0724519592418
31.079055968539304
31.08577010264915
31.092429234234018
31.099121219130787
31.105828317527052
31.11270746578865
31.119410126549898
31.126198010240877
31.133013810248688
31.140003031616992
31.146606589342603
31.15340384860371
31.160029269771663
31.166804454740266
31.173384672349428
31.18002810053489
31.186600318545345
31.193081724720805
31.199618566753117
31.20617039055422
31.212702936541156
31.21901819317232
31.225157993906375
31.231977277204322
31.272227128179914
31.279012684159206
31.286078065554623
31.292726077502873
31.299312072149714
31.305821656742758
31.312343142244735
31.3188067838936
31.32541750541802
31.331999895932128
31.338702214852095
31.345124329601063
31.351828790830726
31.35870367565703
31.365350245428623
31.371914871091224
31.37871122322233
31.385357802543083
31.39211489990052
31.39878637008753
31.40529352497168
31.411906055533212
31.41847310925369
31.425076739048297
31.431649827285113
31.438187972838755
31.44469815133615
31.451206723469156
31.457814074120524
31.464305332731836
31.470910486692926
31.47755018103141
31.484219819890033
31.490900060088318
31.497844553414485
31.50457948910482
31.511035330632332
31.51790142607458
31.52450823378667
31.531300760312753
31.537933162924737
31.544577928153405
31.55098577365609
31.557623055528694
31.56404227522269
31.570268305628858
31.576323317565823
31.582489655460268
31.588686008306016
31.594974159051088
31.601387654015305
31.60792941393276
31.614509825738153
31.62117757420266
31.62777127132712
31.63456879036426
31.641293729238317
31.64810366488938
31.654742568683385
31.661488425773374
31.66838972058639
31.67511620480708
31.681659971412095
31.687750187913228
31.693843573670044
31.69998298764569
31.70629888932442
31.71258920131921
31.718916048133003
31.72548676172346
31.731631668489324
31.737967869529065
31.744298411180093
31.750708678019794
31.757099197315803
31.763458904761013
31.76983327370137
31.776293773348783
31.78286243072001
31.78953763347452
31.796253507507338
31.803190478613285
31.809813384409303
31.816627773481894
31.823449195947628
31.830113361434158
31.836612676156253
31.84292412524153
31.84919396915969
31.855497665622767
31.86182471925904
31.868146354253454
31.874507518309816
31.88091740432026
31.88735877170543
31.893870098495235
31.90037519411001
31.906887775141268
31.913336964180548
31.919722185760918
31.926087406929913
31.932522082210504
31.93896936442251
31.94545673600446
31.951950856412243
31.958487882033896
31.965093250606373
31.971703081671514
31.978330523796373
31.98506873041501
31.991676977879138
31.998394148395356
32.00493137261098
32.01140077421438
32.01771596837272
32.023975746528855
32.03021789820819
32.036447094665434
32.042790366414266
32.04915062687334
32.055524083780206
32.06188189094901
32.06826718187181
32.0746491269965
32.08106389517653
32.08750839829465
32.09401567210609
32.100530137552994
32.10709581823999
32.113737355457346
32.12042198999774
32.12708113318677
32.13376961282354
32.140401607055864
32.14704264778512
32.153685770075846
32.16031764325066
32.16694754883014
32.173530413498746
32.18007486232264
32.18654155263656
32.193005151907364
32.1995435432727
32.20611088659267
32.21267848138814
32.21939996374558
32.22602385378901
32.23270964160088
32.23933800388914
32.24602494192926
32.252655659759036
32.259305189982996
32.26597485926846
32.27261854514256
32.27929681771246
32.28595189734052
32.29262166132351
32.29930966567996
32.305993712794226
32.31265257501259
32.31931307627929
32.32592503288442
32.33255177084682
32.33912561274763
32.34571220291916
32.35233003717307
32.35895685204195
32.365597857575175
32.3723128966952
32.37903967394552
32.38572425697289
32.39243959442012
32.3991786885914
32.40595139002352
32.41279260602698
32.41966704244216
32.426601548912956
32.43356256544439
32.440520149889196
32.44753725524429
32.45458452038665
32.4615551426193
32.46841122313275
32.4752064367768
32.48190824190125
32.48848914976499
32.49503526543396
32.50158762139057
32.5081552794188
32.514791655951505
32.52146166176081
32.528075520907585
32.53469503192936
32.541415418658836
32.54818290227109
32.55501228266302
32.5618737568652
32.56874528849193
32.575591884653804
32.5823986564669
32.589211718495676
32.596026731201675
32.60285493577763
32.609662768284146
32.616434828677896
32.623204648315735
32.62995134427141
32.636700070959435
32.64342361473422
32.650098283008056
32.65671536948444
32.663303484118856
32.66992261249831
32.676540189559574
32.68310179486993
32.689588080464425
32.69602421565146
32.702460590908856
32.70892085739845
32.71539318323292
32.721856136611315
32.72833455929732
32.73482944769887
32.74134682114594
32.747927689650695
32.75457131488841
32.76126264222037
32.76800585588336
32.774801847032265
32.78164913541354
32.78852585935231
32.79539034291438
32.80223949812525
32.809042691540874
32.81579708966627
32.82242067501081
32.828970341458465
32.83550516133208
32.84208394970946
32.84868129134283
32.85529743213609
32.86195552460741
32.868660872354184
32.87537727435902
32.882076766306646
32.888730009979646
32.895322692179306
32.9018660549521
32.90830828694381
32.91463791667527
32.920868703942325
32.92706470497442
32.93324535202431
32.93945108944712
32.945635682461784
32.95184524434889
32.958065636838356
32.96435791222702
32.97066488564648
32.977023501539016
32.98334070013641
32.98976164589127
32.99618855942417
33.002598501444496
33.0090490442796
33.01554588316769
33.02203734278189
33.028577682495275
33.03514452591185
33.041726319457325
33.04836959580346
33.055077148772114
33.061776953411375
33.068537643085904
33.07532659518738
33.08218801269545
33.0891306890474
33.09609027026356
33.10307415459512
33.11004959194757
33.11708769363851
33.12403857273526
33.13091817810658
33.13773287932198
33.14448891185049
33.15116383628864
33.15778297679679
33.164368773737614
33.17091964937907
33.17742578782369
33.183937004370655
33.19052772701565
33.19718491428706
33.20389825822802
33.210675275375905
33.21748753306855
33.224346144154396
33.23122284649729
33.2380844336621
33.24497221329753
33.2518547557666
33.2587482745498
33.265636630097916
33.27247289637394
33.27923527376063
33.2858845794571
33.29239833432538
33.29883699443376
33.305218013629855
33.31158480724458
33.31791345730875
33.32425111630982
33.330567892237795
33.336869486846034
33.34319195236014
33.34956071500756
33.355939036057265
33.36235397475294
33.36879010574001
33.375248368594505
33.381742714797106
33.388261889533034
33.3947858083573
33.401303275322086
33.40781841812268
33.41435261280748
33.42087473568735
33.427384496203075
33.43387746025133
33.44036497972074
33.44684440776961
33.4533212553019
33.45981338758649
33.466300792766
33.472805203694875
33.47934302624141
33.48593450829921
33.49259632042776
33.499283402645844
33.506030334098746
33.512813705450256
33.51961365310721
33.52639300606904
33.53320517289145
33.540010948939525
33.54679972044466
33.55356666899628
33.56023394720755
33.56682457566093
33.57329116861718
33.57964720989795
33.586038444415024
33.592437889917335
33.598843711486445
33.60530467226856
33.6117720711644
33.61823485454942
33.62465806788076
33.631163244995406
33.63776019122728
33.64447635067993
33.651255951496324
33.65809590767738
33.66497436000873
33.67189170764341
33.678775807715105
33.685654400481816
33.69244869357879
33.699175871556925
33.70587230716483
33.71251132150848
33.71912994797109
33.72574060136242
33.73235893213025
33.73903090304508
33.745729357731264
33.75253705181837
33.75940671257404
33.76635009086377
33.77334920601204
33.78029659109666
33.78725935795183
33.794223321121216
33.80116112014213
33.80802848670007
33.8149028879992
33.82161220570398
33.82821515553497
33.834763359287926
33.84130889456391
33.847866766612036
33.85446037892912
33.86109985513265
33.86784861597499
33.87461151947083
37.578557874910246
37.58498652107893
37.591008980609125
37.59762678085161
37.60437692609203
37.75270572503002
37.76003103122318
37.76587845928921
37.771739215016645
37.77750172337858
37.783376018233994
37.78941290987873
37.79532876830048
37.80111675502956
37.80717577638481
37.813207033447995
37.81932652899216
37.82523488531085
37.83100489159995
37.837288508136034
37.843515185830405
37.84953863297918
37.855401469600764
37.861278994635086
37.86720245525256
37.87296828169662
37.87888023832558
37.88473571717553
37.890603636138266
37.89644512085368
37.90238671462868
37.90842994005945
37.914425746503206
37.920605672431115
37.92672089637141
37.932885035979254
37.93896806839624
37.94537555091907
37.951405980692144
37.95766679074353
37.96369364459704
37.96978779679451
37.975767769478196
37.98172185808381
37.98762672786659
37.993649249651575
37.99958919372556
38.00555789387188
38.01157448477888
38.017582248988774
38.023708901376764
38.029792634383405
38.03567747578801
38.0421301612861
38.04807972561013
38.05409714218546
38.060032310128136
38.06599056293109
38.071927562346865
38.077944441722394
38.083942477090545
38.090004972749334
38.09603454041537
38.102095456662816
38.10832003610989
38.11453293539224
38.120545315886254
38.12679988691465
38.13279333698376
38.138955015429076
38.14502709841099
38.15103151980082
38.1572714937913
38.163315939214435
38.16939817905908
38.175480347847085
38.181610207548424
38.18757909084382
38.19368960685325
38.19976719835855
38.20579988021411
38.2117855753142
38.21771476728036
38.22387415831658
38.22998724165859
38.23472045486053
38.24100245836239
38.247234234967316
38.253509017165236
38.259941442528515
38.266287965337085
38.27255350422341
38.27882751617613
38.28509928002332
38.291306895667766
38.29757965763217
38.30372962710144
38.30975879297513
38.31566689701041
38.321544874444875
38.32741644608344
38.33320488543547
38.3389880659029
38.34472470646317
38.35050315579602
38.35630942518684
38.36215421162625
38.36814001990159
38.37421746878587
38.380308241577815
38.3865007984405
38.392617758088406
38.398856509824135
38.405054178611415
38.41113521325985
38.417238450982126
38.42321608761147
38.42923812621642
38.435181475109374
38.44109524093681
38.44702005452103
38.45292916480414
38.458815022947185
38.46474669821762
38.47070870436926
38.47669677256913
38.48278223308817
38.488870063538265
38.49500640692071
38.50116411913694
38.507322616481865
38.513441226859676
38.519598327222354
38.525755346332545
38.531866542247
38.537986082735145
38.54410882896494
38.55023744040572
38.556337200412436
38.562455364910264
38.568607750378426
38.574760608990644
38.5809471415622
38.58718704537213
38.5934842831231
38.59973807976916
38.60611216061347
38.61244379065759
38.61880447347602
38.625235160904396
38.63163753469537
38.63793648120004
38.644208825413834
38.65046406760518
38.65658030903994
38.66265768083166
38.66869284482092
38.67468562194969
38.68064357392191
38.68659600475494
38.692438697686015
38.69823697772668
38.70404795888176
38.70986938327681
38.715745773841086
38.7216886894537
38.727669583378464
38.733682526473935
38.739724274398085
38.74580350883655
38.751899143080756
38.75797615959555
38.763984312764734
38.770028226988245
38.77607481678932
38.78209544180707
38.78810092593945
38.79414539634338
38.800221621488554
38.80643729354758
38.812751370233116
38.81909889993855
38.825506594233445
38.83196167515889
38.83840322808268
38.84445431364991
38.851237755869896
38.85785457287816
38.86440038213569
38.8706069303263
38.87667818906956
38.88266570159695
38.888589620051974
38.894471442646676
38.90029936141484
38.90612835352855
38.911955993568185
38.917828650544955
38.923739343291835
38.92970958042165
38.93567668614947
38.94165846657631
38.947651037823654
38.95366962099959
38.95970432250458
38.96575629353968
38.97177818986776
38.97780058054596
38.98381521362226
38.98986469162364
38.99597322152601
39.00211469951604
39.00829498576138
39.014554499022765
39.02079532343573
39.02715634609129
39.033560482106736
39.039958967022436
39.046430245311086
39.05292665351283
39.05939036364572
39.065872456138976
39.072421658578904
39.078742479362745
39.084960128251346
39.09111129138102
39.097170093522294
39.10314954609132
39.109080369055874
39.11494235231075
39.12073536248239
39.12653220158586
39.13234228026938
39.13820189420833
39.144107877093745
39.15005846968964
39.15600772933167
39.162023578744694
39.168037386195635
39.17407817889764
39.180116608186815
39.18617534519264
39.19220659742619
39.198185224603876
39.20410436836095
39.2100284412727
39.21590111841678
39.2217928041144
39.2276804776065
39.23355658350261
39.239425810589076
39.245269649853455
39.25110296952151
39.25697086336871
39.262887336950655
39.2688313335801
39.274762397225764
39.28072368605007
39.286683693786856
39.29263912132482
39.29858543847737
39.3045348788248
39.31050965679112
39.31646392499697
39.32238802670393
39.328321584684765
39.33424268618416
39.340146921436876
39.34606282537108
39.35192138628185
39.35774771472273
39.36354937939116
39.36933693846692
39.37511416047622
39.38090790522926
39.3867195863445
39.39254611126453
39.39837922767749
39.40419050012257
39.40999715464628
39.415869589067064
39.42176547552048
39.42767172023401
39.433574388070646
39.439450375973514
39.44531596274911
39.451180670055315
39.45704806723507
39.462889176327806
39.46873582573382
39.4745734433851
39.480425174535405
39.4862897294866
39.49214726324704
39.498020761572334
39.50388157891528
39.50974144146897
39.51557259920963
39.521371701781625
39.52715454544101
39.53292980269192
39.538686954672244
39.54446583327813
39.55026162037397
39.55600809148208
39.561774263999
39.567581434941154
39.573394203886174
39.579234610428934
39.58506512728301
39.59088722368147
39.59672068034652
39.60256868013808
39.608399466794864
39.61424889806573
39.620093221238506
39.62592505536296
39.63174893589494
39.637577508137625
39.6433960393022
39.6491925784369
39.65499414455818
39.66079430122244
39.66659356460394
39.672460422157265
39.678269617568404
39.68406506244011
39.68986889470698
39.6956202795356
39.70137117035191
39.707183934846654
39.71299267201836
39.71878862532081
39.724585359800216
39.73037675384898
39.73619751374967
39.74197581272858
39.74775527826995
39.753523794053265
39.75928449012054
39.76506574841583
39.770829829323226
39.77657406359523
39.782334471495304
39.788148410401725
39.79396760331301
39.799796505368604
39.8056437366869
39.811476905662666
39.817324003734235
39.82315573855735
39.82892879294465
39.834693932336634
39.84047363051077
39.846204789642904
39.851926898472236
39.857669922655354
39.86340640205033
39.8691606363209
39.87492147226175
39.880653817942516
39.88636263336342
39.89207248079715
39.89776272062097
39.90346335888853
39.90916120323755
39.914883620453004
39.920633043886575
39.9264279660166
39.93225909974247
39.93812330388479
39.944009821354754
39.949912091520964
39.95583762988341
39.961771052420204
39.967704689859936
39.97363807871936
39.97958051011813
39.9855169796022
39.99144584032819
39.99736199347418
40.003261628596626
40.00915159757611
40.01503857201168
40.02090284324386
40.0267441505561
40.03255062657777
40.03832646165003
40.04409977073257
40.049863700350706
40.055614695333425
40.06135952716537
40.06709684074749
40.07285776518095
40.07864818310024
40.084459537863424
40.09028201238848
40.096104225041884
40.10191933572291
40.10775445761842
40.113624065873715
40.119523676235396
40.1254477979149
40.131391443517735
40.13736630024369
40.14333537179984
40.149306150396804
40.15529088403951
40.161296627142875
40.167306738514874
40.17329843146248
40.17927070656283
40.18524563643282
40.19123956744402
40.197233941657444
40.2031862003883
40.20913792925825
40.21510780913959
40.22108200130755
40.22703770424674
40.23295392060386
40.23887100254277
40.24476442501271
40.25065093708008
40.25654453455447
40.262466923368464
40.26834365210091
40.274196677579376
40.28003309910163
40.285875674383526
40.29173853298182
40.29761959829068
40.303479362676015
40.30931323971646
40.315141060070914
40.32096685382351
40.32679515656541
40.33264870171572
40.33852719628463
40.34440773982159
40.35029968041794
40.3562255358464
40.36216885405629
40.368145025669264
40.37413937528393
40.38015047449285
40.3861751677768
40.39225015716492
40.398335769071075
40.40446759733085
40.41060273230832
40.416731673608545
40.42279984064271
40.42887031671704
40.43491796082789
40.44097494319433
40.446990471291436
40.452983870996256
40.458917563399446
40.4648091030322
40.47071610949385
40.476587969712156
40.48246555565669
40.48835199175995
40.49424216818366
40.50010510369883
40.50598330306461
40.51189354260113
40.51782104741775
40.52376125160298
40.52971997318221
40.535702294092225
40.54168826156832
40.5476913547634
40.55371611748658
40.55975290342962
40.56582564976828
40.5719093580558
40.57800681538868
40.584110606138694
40.590189795848154
40.59629232211186
40.60243246290324
40.60854489510147
40.61465879663898
40.620733197434404
40.62677516216355
40.63282076865602
40.63887989516178
40.64491844584917
40.650969860859725
40.6570188259746
40.663052333577966
40.66908104255947
40.67508686775303
40.68105128100657
40.686987264517775
40.692876133764806
40.6987282744869
40.70457219090025
40.71038861923083
40.71617603164169
40.72195995661668
40.727750435766325
40.73354594075917
40.73937617442715
40.74525157506443
40.75115765636017
40.757090739960475
40.76304378141162
40.769028434992975
40.775066283739584
40.78107053853518
40.787134850256564
40.793194049831115
40.79923313603027
40.80529033055104
40.811365445952866
40.81743798001774
40.82346247998387
40.82942597242026
40.83537473902745
40.84129961121206
40.84723841043921
40.8531661710368
40.85908965421176
40.86500944443454
40.870951646097915
40.87690833962957
40.88290248614657
40.888938982058875
40.89499254996036
40.90104563430393
40.90712061325686
40.91322129088491
40.91933993170239
40.9254717436896
40.93162873265932
40.93776316498042
40.94391371499089
40.950058305243566
40.95621946570782
40.9623809090501
40.968528350683876
40.97467418130334
40.98078975891122
40.98686269004787
40.99292945398899
40.99892226831475
41.00484938511603
41.01072443769493
41.0165130823722
41.022195924138195
41.02779673854611
41.03334087059915
41.03887855557576
41.04440699300929
41.049940126583714
41.05546506460795
41.06099160463883
41.066557279396825
41.07215569151794
41.07778949817928
41.08346464171062
41.089178879514385
41.09494854628091
41.10074376212847
41.10657684156791
41.11245314090337
41.118365715942204
41.124294975607796
41.13022218034177
41.13612823595328
41.14197267786896
41.14778853708877
41.153609944911665
41.159451672043524
41.16528889236309
41.17111056657914
41.17690368005307
41.18272948526214
41.188584706985715
41.19445433398506
41.20033708709685
41.20624882908556
41.21220390694626
41.21819727891157
41.224255720353895
41.23036401655744
41.236575799852595
41.24282483886063
41.249065571190506
41.2552835108238
41.26146791267649
41.267660598469476
41.27384692491866
41.27998475794455
41.286127505511736
41.292244744147624
41.29831608273712
41.304337085605525
41.31032519089606
41.316256417659375
41.32217942841757
41.328116565123494
41.33405437166551
41.34000466076643
41.34593493874913
41.35190209376369
41.35789100179235
41.36394660881571
41.3699869045047
41.37608788844473
41.382179496149625
41.38830017415885
41.39442123109118
41.40046513692099
41.40656300615484
41.4126272020002
41.41860764982587
41.424716047336375
41.430699566904956
41.436733842038365
41.442754528230225
41.44870392398216
41.454630746054704
41.46045609569727
41.46608325371992
41.4716635793347
41.4774041868727
41.48329717441236
41.48889349515666
41.49452368965271
41.50019857261115
41.50587186824809
41.511528461267524
41.51716686386134
41.522788798977665
41.52839478164742
41.533981610734095
41.53953064966367
41.54505268589605
41.550556879233675
41.55603964110695
41.56146670947069
41.5668341554564
41.572162254255936
41.577489206203545
41.58284287697227
41.588215489144474
41.59363704228754
41.59911303217
41.60463342821832
41.61020906490648
41.615832095258824
41.62153146876192
41.62731509380708
41.633156469096434
41.6390702718913
41.64505784446571
41.65109716023082
41.65719530355527
41.663308347592995
41.66942741694527
41.67555207698699
41.681630451473666
41.68764942501917
41.693589116999284
41.699480247943846
41.70533343838374
41.711153911574826
41.716986306671686
41.722841630395045
41.72873608990612
41.73466748928285
41.74065122071802
41.74666950096034
41.75273634515202
41.758809864439556
41.76484916589241
41.7708913461867
41.77689326806958
41.78287365662243
41.78883439579353
41.794769398478266
41.80069536682059
41.806632047434746
41.81261240964473
41.81862959964993
41.8246755359224
41.83075076810014
41.836854689918276
41.84299057702629
41.84914252172856
41.85527798120871
41.861367706043765
41.86751811872444
41.873668930559035
41.87986084172761
41.88592372893974
41.89206493236052
41.898133164518754
41.90417218927177
41.91027753611976
41.91629397389066
41.922270090678005
41.92819927055971
41.93407286595956
41.9399309944228
41.94579144389133
41.951663803745106
41.957527649415184
41.96338228947465
41.96923541755349
41.975091476020864
41.980961034975024
41.98683812199522
41.99270367147545
41.99853615237995
42.004365938646565
42.010195083061774
42.016049205840936
42.02195950900252
42.02790715430312
42.03389406008353
42.03995254111014
42.04600375026988
42.05211052199737
42.0582072375051
42.0643234312439
42.07037358054058
42.076470633566586
42.082507842979076
42.08851343133688
42.09453074215239
42.10051722646911
42.10650027686372
42.11244871308935
42.118355266603636
42.12421780095132
42.1300400878681
42.13584010554866
42.14161811260824
42.14738947780085
42.153136383644416
42.1588614106942
42.164579919197706
42.17033022581121
42.176122123695265
42.18194332234528
42.18781094563925
42.19373804646168
42.19973940678349
42.205789060013856
42.21188470760925
42.21802583540863
42.22417002339623
42.230337657650225
42.236519510558416
42.24271411405425
42.24888567825759
42.255045450489526
42.26122798505199
42.26731868652174
42.27339707094999
42.27947071258712
42.28550354799553
42.29151911663994
42.29752798429885
42.30353276633001
42.309523761201106
42.31558306862653
42.321617468648384
42.327792802956736
42.33386699222184
42.339815302680094
42.345861085536974
42.352059918512346
42.3580424502669
42.36397638962358
42.36997221447325
42.37593869521975
42.381904185254996
42.387891814947594
42.393872764848524
42.399867577615794
42.405856543210106
42.411846448616274
42.41786800906693
42.42385778774441
42.42984419111164
42.4358132209293
42.441788175163545
42.44773217823004
42.45370301734675
42.45968061070762
42.465661259288545
42.47167846172759
42.477739318025385
42.483816184234904
42.48995819962577
42.496144335004246
42.502331253765384
42.50858012579717
42.51474444043755
42.52088142674407
42.527065743459154
42.53316263196883
42.539360947015034
42.54544643093148
42.551250198018835
42.5572515667154
42.563252464541954
42.56932166161003
42.575367558995126
42.58140636045197
42.58735340326989
42.59327160325691
42.599215219291274
42.605133445808065
42.611037862498904
42.61694170226885
42.62286098715185
42.628819460332146
42.6348316774368
42.64079095542089
42.64680120834983
42.652855361666006
42.65895890358078
42.665113693176835
42.67168245888077
42.677791132376385
42.68384069363861
42.69000193942167
42.69608043666696
42.70190553352698
42.707957771957254
42.71383853925146
42.71981380280885
42.725770447185404
42.731755552095855
42.73777251395495
42.74377349172607
42.749846499857554
42.75594294614525
42.761978966178596
42.768020981541554
42.774058270267666
42.78008731536226
42.78614057015296
42.79218580343397
42.79822294546
42.80425701799356
42.81030204384819
42.81638987533225
42.82245793689295
42.82855529961647
42.834673475034336
42.84077521866398
42.84689143482287
42.853680781432686
42.85976162237875
42.865488888306366
42.871926885776766
42.87776580937902
42.884182250725196
42.89038421320961
42.89655786110917
42.902774480160545
42.908988325713075
42.914851173151135
42.92096135329236
42.92711867594835
42.9332021520178
42.93934341641892
42.94543133831812
42.95149268962304
42.95751513364297
42.963543543021586
42.969552302725724
42.9755248584103
42.98150112144035
42.98745906296294
42.99345034156384
42.99943435828034
43.00542816227366
43.0114195631021
43.017422158408905
43.0234380429962
43.02945944922311
43.0355326839629
43.04155961746265
43.04767020518176
43.053837990217666
43.06003028220434
43.066192352194015
43.072338589146526
43.07891837877424
43.08507853108226
43.091312794198586
43.09748961790835
43.103676920788466
43.10989746805805
43.115555715027355
43.12166228430577
43.12775794382584
43.133883374796355
43.14003553744267
43.14612865023745
43.152252133832754
43.158396759444
43.16489888111193
46.519019848597964
46.52391924205042
46.52932491911825
46.53477731298883
46.539804974562266
46.545096036928186
46.55018076289297
46.55532987394836
46.560452516406436
46.56576991716044
46.571113998382316
46.57659224840734
46.581405922028985
46.587082803315674
46.59235255822002
46.63010850664418
46.63476837630887
46.64001408205117
46.64528528109821
46.650521623287155
46.65563834604375
46.66075584821144
46.66588001406638
46.6710122839888
46.67606855470333
46.68114388412436
46.68622137667676
46.69138410562935
46.69654632292743
46.70166103740792
46.70679523556464
46.71198442980747
46.71722900715528
46.72251057419677
46.72771590136619
46.732888115430576
46.7380226457821
46.743240260131046
46.74840721610183
46.753521930689494
46.75869115846568
46.76383323583354
46.76892696872414
46.77401273011551
46.779069413887306
46.78415611600461
46.78917945889196
46.79424700577923
46.799320711195676
46.804352758971
46.809408429247185
46.81447974072498
46.8195496222798
46.82457863032188
46.82961198573842
46.83463838162278
46.83964811092833
46.84465673611736
46.84968452614124
46.85472059284014
46.85973462796752
46.864836966402784
46.86990860294975
46.87503130026699
46.880165663738566
46.88532718011931
46.89049844656836
46.895644951599756
46.900761811203246
46.905883978438844
46.91099114749512
46.91603997167436
46.92113428087451
46.92618456563427
46.9312460097627
46.936322213280995
46.941435289032654
46.94655541744698
46.95162225833259
46.956737515998306
46.96181103076065
46.96690702649405
46.972009205221724
46.97710154830023
46.98217861386482
46.987255746095265
46.992383167008256
46.997461124215086
47.00253079833757
47.00758199267034
47.012687921781875
47.0177944420075
47.02289917006973
47.02799917396281
47.033071626585745
47.03812624539325
47.0431897544268
47.04823556684461
47.05331771990377
47.05840017160675
47.063443606783224
47.068519542160445
47.07357557166148
47.078646413893914
47.08370819719651
47.088770086366154
47.09381448333157
47.09882864957972
47.103845900126245
47.108835144793325
47.113820016075366
47.11878223056732
47.12377153712163
47.12876160797187
47.13374623062421
47.13874192701883
47.14374830689664
47.14874620849994
47.15377945028593
47.15887549967032
47.16393278939391
47.169029500405856
47.174150055649996
47.17926825665276
47.18442285507818
47.18953653991945
47.19470504660928
47.199830829620524
47.20502210956187
47.21019297931778
47.21532954809425
47.22043661582885
47.22555932583313
47.23066142605853
47.23579397656942
47.240844155095665
47.24593900718815
47.25107831221052
47.256198005113866
47.26132790745584
47.26649518181597
47.27168045180959
47.276876291119905
47.28206994028169
47.2872650914693
47.292449634302365
47.29761388035785
47.30281647523635
47.30797128527093
47.31319075631184
47.31837901414047
47.32359543247447
47.32885390386226
47.33404108504703
47.339232479562824
47.34442709920101
47.34969489826684
47.354948211571624
47.36023140329723
47.36554647364192
47.37085474058248
47.37613451139076
47.381371238367414
47.38661633349395
47.39183230442759
47.397036103907524
47.40220987263655
47.40741736997079
47.41261435829645
47.417832281104545
47.42302376116656
47.428220705971775
47.43342009573042
47.438645771671794
47.443895874256526
47.449132229668045
47.45435446213127
47.459560272176816
47.46479431001349
47.47003405116125
47.47531245205206
47.4805844476139
47.48591436068014
47.491238789553314
47.49655246533332
47.50190697548833
47.50719599954763
47.51248461354227
47.51775121036949
47.52301385373152
47.52827785756724
47.53354902961128
47.53878243847884
47.544064419989375
47.549295187138725
47.55456585903436
47.55986278963896
47.565218314236795
47.57055891397357
47.57593853900385
47.58134431783934
47.58672601690099
47.592093685084905
47.59743685648473
47.602825204793504
47.60818248802529
47.61351089383914
47.618826177949465
47.624169637325885
47.62941319426104
47.6346487407757
47.6398594402812
47.64508620916929
47.65033916471236
47.65564298350468
47.660969945244815
47.6663691826069
47.671722536704486
47.67707484312933
47.68250028704362
47.6879044300048
47.69326784983598
47.698634534159645
47.70396790871694
47.70931887423238
47.71470364070498
47.7200419246083
47.72539254646913
47.73075114196527
47.736175260843545
47.741602317216646
47.74706591635962
47.752460887220586
47.75790078703787
47.76335598294118
47.768884332494075
47.774327411818525
47.779762571731496
47.78518557839294
47.79062618777861
47.79602722192002
47.80150829461683
47.80696728501819
47.81250651899601
47.81808077002881
47.82366271818502
47.82924938320143
47.83479656249332
47.840313349389234
47.84577864910122
47.851277545431415
47.85680404255656
47.86232602995904
47.86785798900754
47.8733849813286
47.87890382565689
47.884409429209924
47.88992952497759
47.895456472889435
47.90096421227011
47.906450279797426
47.91195466025684
47.91746417222755
47.92295745235404
47.92844602009698
47.93393485533025
47.939409890583484
47.944895753211675
47.95037434496553
47.95588864641064
47.9614142567482
47.96688197220409
47.972347476380016
47.97781944808477
47.983261864966245
47.988693808297086
47.99417195449579
47.999685617796516
48.0051922312034
48.010728289054335
48.016190841951044
48.0216587674635
48.02717827886923
48.032693264356986
48.038231529074736
48.043787663920895
48.04930102513143
48.054897125207326
48.060482623626925
48.06603964222306
48.071635506724476
48.07722942138168
48.08289011376584
48.088490252517175
48.09407560204583
48.099661518780714
48.105232322459685
48.11085046611614
48.11649833328659
48.12208478346021
48.12765173389613
48.13327333205496
48.13888324951281
48.144500641005244
48.15014156178478
48.15576480941075
48.16141876498379
48.16708205744178
48.17266784013047
48.17827832729123
48.18389118029186
48.18952273660221
48.19517057919788
48.200834806668176
48.20651567017995
48.212135559212506
48.21776157274552
48.223383869818534
48.22900174317419
48.23462774627408
48.240280996268616
48.2459335463645
48.25157142160421
48.25723288147162
48.26290206108296
48.268577481642815
48.27424766510845
48.27999648660746
48.2856701675973
48.29138482729341
48.2971776786643
48.302861609256695
48.308638693827405
48.31440010045984
48.32015320834536
48.32589197107213
48.33163434388084
48.337337741057034
48.34304895836434
48.34877299389214
48.354513365165005
48.36023558900992
48.36600016274456
48.37171349219211
48.37745045251465
48.3832114985989
48.38905290026733
48.39479116697205
48.400529984999025
48.40626235693028
48.41197419829034
48.41770968728525
48.423401843768424
48.429144012276595
48.43489925224824
48.44068270472169
48.44647524985912
48.45232815426108
48.45820390770335
48.46411833291917
48.46997991003581
48.475854193574015
48.48172974269305
48.487606611754074
48.49350526704278
48.499394514006724
48.50527221338895
48.511109013924816
48.51696828947833
48.52279615310686
48.52858999937582
48.53437583892862
48.540167539912204
48.545970675796134
48.551774910497144
48.55758822565661
48.56335240630666
48.569114230152465
48.57488117322033
48.58064420781558
48.58644278238936
48.59222560437372
48.59801677140675
48.60381344955858
48.60960114398514
48.6153765700947
48.62117669841699
48.626978728585286
48.63279539056618
48.63861501528422
48.64443147874802
48.65026126525963
48.656066925846936
48.66186220215808
48.667647626378184
48.67344698263873
48.67924993405092
48.685103565174785
48.69092863650523
48.69678977657562
48.702677496129354
48.708567191804725
48.7144643780537
48.72037045822576
48.72631282146186
48.73226572694546
48.73821052155271
48.74413844658121
48.75009514536447
48.75603009800377
48.76197738128921
48.76791166312683
48.77383748804575
48.779773594492454
48.78572071728042
48.79163651390456
48.797559522108685
48.803438438974155
48.80926484718181
48.81504990942247
48.820812909339516
48.826587046375195
48.83236317277484
48.838160994066385
48.84397018886653
48.849812271788515
48.85567956294163
48.86158604630534
48.86748237494915
48.87340879857441
48.879325368261355
48.885268027743074
48.89120444236476
48.89713646124525
48.903082927259106
48.909032496772426
48.91494631969296
48.92088894062423
48.92680456874587
48.93274924435184
48.93870896613652
48.94464775622387
48.950633970293936
48.95662067731134
48.96260992500718
48.96860500500664
48.974568564288994
48.980547942360516
48.98653865705151
48.99254978076619
48.99856036019491
49.00458288415957
49.010597884262175
49.01656547878734
49.022517918686084
49.02843784059722
49.034370659532414
49.04031329962333
49.04625856444408
49.05217489193524
49.05810114582591
49.064018890491276
49.069957936408386
49.07590042947682
49.08188075349537
49.087850749431745
49.093836334205974
49.099824890496976
49.105827110379224
49.1118427207155
49.11785264887911
49.12385177107618
49.12985153680323
49.135871143239974
49.14188060114422
49.14789655008428
49.15393046842706
49.15998040069334
49.166019048587465
49.17205312279782
49.178088653783654
49.1841372840591
49.19019920835259
49.19624004309161
49.20228676059354
49.20833393630279
49.21440260534211
49.22048356244187
49.22655071695549
49.2326580883941
49.238730128223885
49.2447575262658
49.25076912714601
49.25676190311224
49.2627583193362
49.268748125317785
49.27473007612693
49.280705923975894
49.286656514894624
49.29261154422799
49.29856746153575
49.30450839969595
49.31044127028617
49.31636215567101
49.32227616573704
49.32819352599205
49.33409381523524
49.33997464737815
49.34586165935158
49.351745817334375
49.357636617441855
49.363544073678526
49.369480308410324
49.375422093059235
49.381354029519215
49.387313272996096
49.393267815679096
49.399238699787304
49.40521531288524
49.41120506388007
49.41719129511166
49.423183142291734
49.429187054136364
49.43522972244748
49.441280018420194
49.44734158962952
49.453420903974084
49.45951718817698
49.465619155081434
49.47174583861924
49.477897633948714
49.484064953918924
49.490229388852285
49.496380848387886
49.50251542471432
49.50862232351311
49.514729433862264
49.52081108049852
49.52682994534802
49.53279297917701
49.538702008010006
49.544598947688904
49.55045970587371
49.556315910211936
49.562165386198416
49.56802603355704
49.573887292117355
49.57975977878855
49.58566053475446
49.591589099938446
49.59754245104342
49.603495290189166
49.60947175805022
49.6154815990104
49.621510533391515
49.6275822813069
49.633701272258776
49.63984654065253
49.646006992622354
49.65217763118718
49.65834653250703
49.664535354691104
49.67076629483853
49.67698805396611
49.68321761331247
49.68943995248703
49.695667885866335
49.70191069290418
49.708112280123466
49.71431972038574
49.720491873783104
49.72664541676604
49.73275016018421
49.73888204686794
49.745007017338295
49.75114247116614
49.757286383001464
49.763387485566376
49.769522076302756
49.77565325825548
49.78182628670066
49.787965394198785
49.794093597395346
49.800213284688155
49.8062990885107
49.812390619027106
49.81851996131068
49.82465535322228
49.830836395526156
49.83697920461825
49.84314253924728
49.849313667950945
49.85545545818848
49.86159726505726
49.867722004466465
49.873841453040406
49.879964209631396
49.88609833045029
49.89219094638652
49.89824791930422
49.9043042539575
49.91035615441071
49.91637728132754
49.922405622373525
49.928433898183094
49.93450497175419
49.940580068583984
49.94667636308201
49.952758471284326
49.958847284080385
49.964965168885286
49.97111021850821
49.9772525188655
49.9833760288708
49.989510226751754
49.99568184227868
50.0018450703418
50.00802577676373
50.01417960307766
50.02033810080872
50.02653823999438
50.03272477944262
50.03887786664436
50.04504368141761
50.05119829284436
50.057344980229736
50.063470520858395
50.06962195817201
50.07576279116835
50.081877839951346
50.088011168550885
50.094135337490535
50.10028446627676
50.106442760348365
50.11255195401254
50.11864729007363
50.12476547751379
50.130870463700425
50.13696057772126
50.14301642922317
50.149094837009535
50.1551607155285
50.16125793611018
50.16736721890953
50.17350221348911
50.179659311575186
50.18578162052165
50.191942362690924
50.1981348734279
50.204339009833355
50.21058568431738
50.21684798092782
50.223085101265134
50.229331573787086
50.23559151748073
50.24180369160761
50.24798848387466
50.25419862936455
50.26035596937794
50.26651692043635
50.27263929984512
50.27880737716776
50.284943089848554
50.2910607458417
50.297194200283805
50.30332600245584
50.309433346806024
50.31552735059152
50.32161113876016
50.32768178591361
50.33376705963459
50.33983295168555
50.34588257273896
50.351939495528605
50.358038879612444
50.364128072730345
50.3702406234009
50.37640433507694
50.38257965712507
50.3887784619585
50.394990659592516
50.40122068585858
50.40743478035435
50.41366064039194
50.419843552616335
50.42599479689316
50.43216389503328
50.43831740185197
50.44442850881942
50.45051831640891
50.456578338172754
50.46260155560037
50.46862167223972
50.47462769107157
50.48062754645004
50.48665089537568
50.49269214198557
50.498742870311595
50.50481014508807
50.51088091661036
50.51694639380156
50.5229959425199
50.52906717289152
50.53515170817618
50.54124882971729
50.547356705520635
50.55348281288772
50.55960157676345
50.565736126960424
50.57184262082516
50.57795838035161
50.58409789087048
50.59021520326481
50.59634592760112
50.60246879120957
50.608587552984595
50.61469767191973
50.620766065486336
50.62681010613186
50.63284092044699
50.638888204530524
50.64495715508661
50.65102776313369
50.65710917039651
50.663190213252825
50.66929641689029
50.67542048571245
50.681567562472964
50.687756022092266
50.69397323842044
50.700202251505225
50.70648476702548
50.71278090960052
50.71907659276017
50.72537671277344
50.73168899917147
50.7379941401941
50.744287926544345
50.75057951213209
50.75684909766462
50.763089770792035
50.769363530349416
50.77561865149238
50.78185320494878
50.788084535814136
50.79427725913772
50.80044246088368
50.80657518193467
50.81267523036226
50.818769942213564
50.824865778283524
50.830940365591935
50.83702883072063
50.84311803350948
50.84922148045324
50.85534514173783
50.861421834643124
50.86752033608258
50.8736418292289
50.879747856766066
50.885861933680744
50.89194297103831
50.898022163081016
50.90408394169256
50.91015055480765
50.91625031932953
50.92234637601684
50.92846716727886
50.93457486446251
50.94066096846974
50.94674405614083
50.95281309720999
50.95886230516652
50.964920345781515
50.97096861913151
50.97701130874145
50.983018953494835
50.989019839648044
50.995005669749915
51.000991110301776
51.00699271278142
51.01299907736821
51.01899142138748
51.02499657180228
51.031010101706336
51.0369955248068
51.043022106128326
51.04906564727023
51.05515108035926
51.06127973578565
51.06743572607066
51.073619778380184
51.079814407499356
51.086038826164774
51.09226489311486
51.09850990940027
51.10473581068268
51.11094247896126
51.11711335563599
51.12329159894928
51.12943037978623
51.13554024304694
51.14160133090558
51.1476749220037
51.1537355044085
51.15974442832964
51.16567896063126
51.171575021936455
51.17743212966386
51.18321966843589
51.18903733267889
51.19482453815806
51.20064375259556
51.206671276582505
51.21256192826837
51.21849929047191
51.22447885551951
51.23048016894105
51.23646595405763
51.242472059234416
51.24840676323831
51.25431112997508
51.26028936842731
51.26618005759511
