File type = "ooTextFile"
Object class = "PointProcess"

0
29.82657596371882
4757
0.7223970150544933
0.7287142015804331
0.734784474477034
0.7409518483112789
0.7472285937252833
0.7533696447954839
0.7595590026112639
0.765770859426619
0.7719924288233813
0.7784269015767948
0.7846950089737018
0.7910918064089192
0.7974189670226342
0.8037485349340108
0.8100732454183859
0.8164715278756601
0.8228346985803309
0.8292235833246977
0.8356249087324185
0.8420471602267886
0.8484878193472472
0.8549523468589825
0.8614759409839751
0.8678946672331581
0.8742497567666656
0.8806980140262469
0.8870766699174931
0.8934567081209956
0.899999194516017
0.9064797161953778
0.912829599418847
0.9417983258806297
0.9482840764496274
0.9549039064348624
0.9614436815380234
0.968069502343341
0.9746819124309432
0.9813482444218538
0.9879024516136407
0.9945025381814538
1.0011652305117111
1.007858645773124
1.0146380284375722
1.0214725982932211
1.0283219333371485
1.0351460909263839
1.0419588094597805
1.0487344444054525
1.0554772184131158
1.0621251954685278
1.0687283599792952
1.0753372553349976
1.1593578022647193
1.165651580651881
1.1719592206160976
1.1781673379894995
1.1844477195958523
1.1908273976411008
1.1971900752353921
1.2035898456868028
1.210122188048984
1.21669763407371
1.2234186344562075
1.5899636781965774
1.5966911105302195
1.6030073041988473
1.609264229856841
1.6152113707254008
1.620969470004286
1.626621281610271
1.63221382130186
1.6377480410018659
1.6432515048674092
1.6487097871104808
1.654133248141105
1.6595235350413815
1.6648810177029711
1.67020978532669
1.6755350804248434
1.6808467852188687
1.686125976268968
1.69139672757352
1.69670181229749
1.7019896688722573
1.7073436736650474
1.712698800512487
1.7181610770004514
1.723579130307013
1.7290835678534664
1.734557379328566
1.7400543738075842
1.7456137937395475
1.7511128106583518
1.7566227209957452
1.7621563959543054
1.7676471207612996
1.7731506247831046
1.7786739718312272
1.7841393745166252
1.7896307295234373
1.7951421669376362
1.8006114870423002
1.8061159042197465
1.811646920379867
1.8171088510891826
1.82258319271963
1.8280820191523264
1.8335787931156229
1.839071851191085
1.8445835600249119
1.8501097688750403
1.8556073151915118
1.8611294214132676
1.866693157193757
1.872246609891532
1.877800896201803
1.8833853578042135
1.8889645623734304
1.8945469366275918
1.900101950591103
1.9056685311156258
1.9112176261558467
1.9167665485431629
1.922282695713512
1.9278035930379773
1.9332930671331685
1.9387593736927449
1.9442289524370182
1.9496963098077265
1.955132500639522
1.9605681093733065
1.9659784187306522
1.9713666158698806
1.9767504791380146
1.9821392125961077
1.9875338912273248
1.9929540262183068
1.998378578969284
2.003833898881197
2.009291301784166
2.014766222904611
2.020269345736007
2.0257880648686744
2.0313431829011694
2.036912070912404
2.042466352073417
2.0480286126757044
2.053598411110887
2.059153782941423
2.0647081929348032
2.070225782546782
2.0757527002561624
2.081294625522301
2.0868370923964443
2.0923723898543645
2.097921556842492
2.1034843532225653
2.1090709479192546
2.1146842968132877
2.1203082838085376
2.1259273601632938
2.131576310243932
2.137208269783552
2.1428273403659874
2.148459537698627
2.154125497074496
2.1597853200851262
2.1654648618043932
2.1711478083280533
2.176857211380649
2.182577810621641
2.188310031351236
2.1940188515810806
2.1997383876315415
2.2054404771262526
2.2111339489281505
2.2168117935706033
2.22247240543459
2.22811883698212
2.2337619817552654
2.2393947247416945
2.2450202413311278
2.2506293188468973
2.256244888572713
2.2618510638538987
2.267446137314534
2.273024534523676
2.278578787814192
2.284114828248048
2.2896268039944427
2.295113576518604
2.3005635538877045
2.3059826033194235
2.3113451800812785
2.3166718280914527
2.3219655490899944
2.3272063981552433
2.33242798196562
2.3376196339033957
2.342811594609073
2.347616692380027
2.3531241908016263
2.3582273768171875
2.363123953717668
2.3681154057138163
2.37311746695255
2.378117569757471
2.3830564403573784
2.387970805218302
2.3928572339997043
2.39770399668626
2.4025570402372924
2.407442930530587
2.412357313616146
2.4172838042386333
2.4222064037881363
2.4271047252025024
2.4319956351909204
2.4368723770069756
2.4417196824999468
2.4465409637489217
2.4513248865666686
2.456098791695246
2.460853073518689
2.46559431711531
2.4703183806108373
2.4750278252933837
2.4797277093067303
2.4844159117955806
2.4891134848434167
2.4937991459732927
2.4984642511705695
2.503122824852333
2.5077712745843965
2.5124101914386965
2.51705584308906
2.521696194869824
2.5263444386428673
2.5309981702245596
2.53566217506535
2.5403355262917677
2.5450219358426676
2.5497330314475914
2.5544750548102333
2.559233216727847
2.564020310092912
2.568800323568406
2.5735774802846256
2.5783510388780044
2.583140700413114
2.587921236355071
2.5927076836480873
2.5974893258456615
2.6022535519928924
2.60699541239276
2.6117464860830606
2.6164902853330823
2.6212418399419652
2.6259961359363704
2.630731815889705
2.6354571887488634
2.6401878481959895
2.6449085372624306
2.6496177179479923
2.654312361167593
2.659000564847919
2.6636602967048297
2.668317421549849
2.672963550092234
2.6776129074305586
2.6822625204528356
2.686918030844989
2.691566154500302
2.696236831875997
2.700893598326079
2.7055615058222
2.7102453468641885
2.714935114662302
2.71964449512001
2.7243594511014426
2.7290807891670683
2.7338163016633805
2.7385469464380856
2.743266493688675
2.747988132290083
2.752723716169081
2.7574670017711136
2.7621917439878905
2.766931566325813
2.771693504127496
2.776435820778272
2.7811788904748225
2.785931891105554
2.7906737322851
2.7954269357328467
2.800172668300319
2.8049285869206986
2.809689263728704
2.8144419241648255
2.8191877190595243
2.823916441991037
2.828652359577077
2.8333768637190313
2.8381288944104304
2.8428673013925683
2.847603955953526
2.8523621053877686
2.8571219455199732
2.8618906109416327
2.8666657634570036
2.8714406775724943
2.8762273980234765
2.881024799669962
2.8858176921445122
2.89061929374734
2.895435226548598
2.900239618237838
2.9050430841718455
2.90983792357289
2.9146393125665586
2.919450643601867
2.9242460433720776
2.9290282213578926
2.9338163805719835
2.9386233553296495
2.943452483349492
2.948277655627769
2.9530882458967924
2.957898369754727
2.962704498527576
2.9675146413507
2.972336302625259
2.9771678959862724
2.9820069068701973
2.9868648492807104
2.991719547834954
2.996586642721496
3.0014556036695486
3.0063163619237225
3.0111630499202566
3.0160017768034777
3.0208214433482388
3.0256454066998697
3.0304468259699386
3.0352366425620136
3.0400046221894086
3.0447580457632024
3.049492588649137
3.0542165280642704
3.058933894081474
3.0636292721516964
3.068303678094593
3.0729638683021308
3.077617864713216
3.0822520728017526
3.086893997646755
3.0915337373979956
3.096170613984655
3.1008164115565884
3.1054672759179387
3.1101527163130553
3.114846633738849
3.119545100154221
3.1242740571645915
3.1290055629273947
3.133736946149461
3.138499488751009
3.14325195632135
3.14804605194326
3.1528152145386854
3.157573026470016
3.162360845465456
3.1671229790750477
3.1718837429749738
3.1766275025716237
3.1813658220111103
3.1860893895171736
3.190801502806134
3.195504065780021
3.200180331618483
3.2048400375248023
3.2094997351789756
3.214143022420822
3.2187850713645867
3.2234147374146835
3.2280368677148905
3.2326314501297992
3.237236340548381
3.2418314232650514
3.2464244265577253
3.2510149345464994
3.255599395689558
3.2601718716040646
3.2647469342776403
3.269326316668166
3.2739200300604505
3.278510935182252
3.283118254624843
3.287725871907355
3.2923522367043914
3.296962845720984
3.3015787853079854
3.306192154277457
3.3107960431330814
3.3154070094836317
3.3200094604698904
3.3246190630497923
3.329217284804158
3.3338196331183667
3.3384285149423296
3.3430419688231265
3.347675117418149
3.352313202499225
3.356959336109835
3.3616016354462532
3.3662538700671654
3.370904327959492
3.375557766433925
3.3802007719135783
3.3848534306522216
3.3895022321845434
3.3941703314065683
3.398846639189017
3.4035432377918444
3.4082419588201955
3.412944560821553
3.4176408972070877
3.422337960549883
3.427029782344761
3.4317046549556003
3.436366865991009
3.4410278890262447
3.4456800550165205
3.450328017488737
3.4549556473440894
3.4595607266281316
3.464160047498982
3.4687599659921515
3.473345874286747
3.477927349622396
3.482505150394042
3.4870833752994206
3.4916534519917803
3.4962199208904843
3.500777692822611
3.505330692694956
3.509891175842452
3.5144497551523797
3.519014153718747
3.5235784777266033
3.5281389682714765
3.5326929825753073
3.5372357134081
3.5417655055005155
3.5463052468298844
3.5508423576215193
3.5553866664105143
3.5599305134051944
3.5644646534840767
3.5689988300224496
3.5735355106235853
3.5780702597078133
3.582618284967015
3.587174062790485
3.591745492493747
3.5963214138342874
3.6009066737650595
3.6054898807348277
3.6100856313214784
3.614696390843745
3.6193228638643142
3.6239539031977075
3.628585070142723
3.633226868096438
3.637874283792042
3.642532235419598
3.6472083551739307
3.6518947092297767
3.656592982102759
3.661294867783026
3.6659957916488297
3.67070638988752
3.6754042405956815
3.6800926549104456
3.6847704690436225
3.6894368937709756
3.6940914927484942
3.6987323781079726
3.703354330912178
3.7079533756103724
3.7125384133419717
3.71711442925451
3.7216783142383716
3.726230337079339
3.7307722963244685
3.7353083741387443
3.7398296447054458
3.7443447449871092
3.748849913055613
3.7533470355046497
3.757835808309534
3.762319204877919
3.7667959527973025
3.7712763589534304
3.775761494829063
3.780245055949069
3.7847246085479034
3.7892037340682743
3.793684820621635
3.798154312528256
3.802612211657962
3.8070549945268573
3.811489593179717
3.815915352682707
3.8203353685441885
3.8247607610021057
3.8291879987342354
3.8336135571022187
3.8380393137548587
3.842463394636466
3.846888564514573
3.8513048014495195
3.855727975836013
3.860154547612623
3.864582660899929
3.869016477857616
3.873455798401533
3.877889907046289
3.882316449039503
3.8867414255683768
3.891163585114394
3.895586527310141
3.9000009293780957
3.9044083981596045
3.908812401351926
3.913216832210269
3.91761910802679
3.9220113615328605
3.9264037535222513
3.930799865314946
3.935191777230364
3.9395774052543504
3.9439594341605013
3.9483312896261
3.9527084301361284
3.9570906940930843
3.961480152261395
3.9658725726397126
3.9702746659751926
3.974677705065654
3.9790793365805963
3.9834786653007193
3.9878769890874515
3.9922702439349784
3.996661539476538
4.001044875516316
4.005418150957762
4.009778012050371
4.014115922287419
4.018436936489341
4.022740074189361
4.027025086747739
4.031293202409365
4.035536203088765
4.039774894919223
4.04400026759529
4.048219178537674
4.052438067667618
4.056654947101421
4.060876951978554
4.065095862060021
4.0693102689004625
4.073518728047612
4.077717923208737
4.081903708697388
4.0860821025917
4.090257592091476
4.094427124999912
4.098596963277053
4.102767437153684
4.106936490001061
4.111096212415296
4.115257660566689
4.1194147516036885
4.123572167955692
4.127727478334961
4.1318819387488865
4.136027901515627
4.140161378651644
4.14429831978374
4.14842904253857
4.152556374628605
4.1566744672920315
4.160792751246183
4.164910465879587
4.169026188453154
4.173139796534266
4.177240990426053
4.181337851720055
4.185429644636176
4.189512624986817
4.193585642418061
4.197651377144243
4.201715279868885
4.2057587428746235
4.209801572728764
4.213834808940058
4.21786090858176
4.221887680003259
4.225901606656152
4.229909075352483
4.233911992618798
4.237907559405926
4.241901739796014
4.245881579203015
4.249859867362933
4.253823424308287
4.257782042524549
4.2617420899443355
4.265698376765668
4.2696544116829465
4.273609221681524
4.277552316441361
4.28150997515203
4.285463585536926
4.2894218246250055
4.293376776735178
4.297330722745102
4.301280183041972
4.305227285383006
4.309167551988831
4.313111383824319
4.317041254880889
4.320971732133678
4.324894510670566
4.328810222592678
4.3327187796446545
4.336613229226127
4.340502728290049
4.344395078422024
4.348288270380795
4.352177048107887
4.356065619875649
4.359948747639812
4.363839918142782
4.367720644453978
4.371610269301391
4.375496844129559
4.379370682874976
4.38324568010811
4.387131401716365
4.391008972684381
4.394885105336038
4.39874720047916
4.402611027378133
4.4064707978114726
4.410327304652349
4.4141848492729245
4.4180408918913106
4.421904494067881
4.425760208852587
4.42962790987037
4.433503274074295
4.437372635691583
4.441260827568216
4.445148341647707
4.449043003737951
4.452935843529065
4.456839590078784
4.4607458181037725
4.464641825553026
4.4685370452405815
4.472421425963673
4.476306037464776
4.480190757564175
4.484067320939053
4.487961355118795
4.491848269914144
4.495743811490781
4.499640295907405
4.503514664770446
4.507405482056841
4.511290390770221
4.515178231658489
4.519059669518442
4.52293007330005
4.526790621756349
4.530646520293518
4.53451424026355
4.5383741621863525
4.54222166630304
4.546074175663393
4.549914386255528
4.553742564823906
4.557565892867822
4.561384345654686
4.565189122239893
4.568990200593299
4.57279958469568
4.576620864251119
4.580433809111691
4.584264187214694
4.5880830107622
4.59190564953128
4.5957293034919955
4.599558133634641
4.603385586944291
4.607212502064879
4.611055374454415
4.614883579346276
4.6187262625480905
4.622554844707431
4.626386999423672
4.630214470695198
4.634040558945461
4.637881499947873
4.641722263827816
4.645562236133092
4.649404666176939
4.653238594412145
4.657080047203395
4.660909750689793
4.664743260877529
4.66857058176649
4.672397395093631
4.676228405996916
4.680051158821512
4.683870431442964
4.687710508741747
4.6915445723301135
4.695395386380719
4.699241730153731
4.703079888210448
4.706909894674641
4.710738480434966
4.7145789594817655
4.718409132599901
4.722234313966478
4.726077138061388
4.729915744538802
4.733741854711887
4.737562909821237
4.741385297296576
4.745192023536516
4.7489988890962005
4.752805628912836
4.756602014476454
4.760398804323346
4.764181310039595
4.767964438062498
4.771730682646578
4.775497558311518
4.7792563405597175
4.782998307110809
4.786739866292819
4.79048369846174
4.794219793212755
4.797947660439703
4.801672240771924
4.805401308165742
4.809125393528294
4.812859684369952
4.816584778731547
4.82031783405578
4.824037369970634
4.827768222822834
4.831487690172442
4.835208463741331
4.838932491449281
4.842661534956221
4.84639603627956
4.850143005343328
4.853881962375742
4.857652907392934
4.861400125367912
4.865183561756946
4.868957801404797
4.872739342872355
4.876510557358733
4.880295157214096
4.884081200423114
4.887868814033529
4.8916272004626125
4.895405854936928
4.899195714186982
4.9029580982134435
4.906728628569243
4.910511813742147
4.914253354110792
4.9180312923115395
4.921781455861763
4.925551432047505
4.929305957461819
4.933073833314948
4.936838174727206
4.940594048604908
4.944344772056063
4.948082128759381
4.951819417684293
4.9555624088840275
4.959303422104446
4.963054684629576
4.966809489074912
4.970554091544485
4.974299764024553
4.978025996874337
4.981765192389501
4.985489703156996
4.989217111666016
4.99294317715935
4.99666253642661
5.000380535411333
5.0040934085267015
5.007805559969631
5.011510315292365
5.015212983392111
5.018920678050969
5.022629531278053
5.026336653900156
5.030065361693832
5.033795875727881
5.0375298779710445
5.041271358321353
5.045014001864252
5.048756318774069
5.052502082218563
5.05625007554964
5.060001735877678
5.063752413206567
5.06750773437231
5.071263097167405
5.075006030276226
5.0787646526187755
5.082521806823711
5.086279997069134
5.090034720669205
5.093782973191374
5.097525913306144
5.101262340200659
5.105008470575927
5.1087564826962755
5.112493678376165
5.116230261473208
5.119958742727129
5.123686240277927
5.1274249772957035
5.131168127053968
5.13490693433449
5.138657138037717
5.142383022965899
5.146129761032495
5.149852200713076
5.1535750472934945
5.157288505790637
5.160980913253395
5.164662506345534
5.168339841214415
5.1720159749186765
5.1756995663268714
5.1793707520562045
5.183050419241026
5.186724970101902
5.190402667013078
5.194070498577621
5.197744942036362
5.201402510523859
5.205075302603749
5.208744871087639
5.212407850511949
5.216092463584241
5.219766270608452
5.223458057897299
5.227130014742752
5.23081858521383
5.234496438453653
5.238169927758627
5.2418413761642055
5.245526191417139
5.249179423538669
5.2528590570427305
5.25651898136961
5.260182301182676
5.263857607840675
5.267504327201654
5.271157267225437
5.274805635786571
5.278441468638556
5.282095666088448
5.285731468348632
5.289370878724629
5.293014033759446
5.296656638835156
5.300283993030093
5.303911079485779
5.307534920654876
5.3111553047831555
5.314784714584665
5.318412997159037
5.322042398492868
5.325685691643331
5.329312266647468
5.3329410314691446
5.3365778314468955
5.340204695656067
5.343849806995138
5.347486998854804
5.351114443835759
5.354761068830543
5.3583990514033255
5.362034528829486
5.36564834332862
5.369288663602684
5.372916203444127
5.376541854083945
5.380152171179102
5.383760382148997
5.387351435418997
5.390961676848669
5.3945618425939195
5.3981605622323
5.401749561600458
5.405351750988758
5.40894689083838
5.412533773741109
5.41611840395408
5.419696162164575
5.423291658899014
5.426869554141902
5.430436537509674
5.434015179637735
5.437558051788838
5.441122983054619
5.444674880045318
5.448215565013884
5.451758293773403
5.455297639685682
5.45883163859139
5.4623691420676925
5.465886020382415
5.4693862734933525
5.472888682828508
5.47638655891105
5.479883885299606
5.483405954259813
5.486894856630389
5.490384865558785
5.493885979336017
5.497398469704455
5.500913875705716
5.504371294807414
5.507880740327473
5.5113423888372015
5.514793106683146
5.5182594517940515
5.5234371084536065
5.528575802627187
5.533744680462418
5.538903527083093
5.544049615280575
5.549092254620889
5.554237568043904
5.55925396989448
5.564398443320901
5.569456135885402
5.57453905598737
5.5795507074671695
5.584633726781261
5.589473129640636
5.595857176057486
5.60251914373828
5.609032805872368
5.615696753132519
5.622287816700066
5.6289564607017715
5.6339482145388695
5.639055922380082
5.644050353393101
5.649144187471039
5.654203186415157
5.659256937319499
5.664291749107394
5.669306352223077
5.67435554567634
5.679362399000515
5.6843730407834485
5.689405024038529
5.694407975764014
5.699452781393168
5.704407535908007
5.7094052445628245
5.714400678862764
5.719373517466338
5.724352590474781
5.729308825682504
5.734275307191482
5.739272124334685
5.744245802791466
5.749194595284807
5.754149429507436
5.759086331683457
5.764055758031365
5.768999534849186
5.773915280532844
5.778857482505871
5.78380126917157
5.788732306742723
5.793693129778427
5.798655564326316
5.803575996153956
5.808508743998261
5.8134255096059615
5.818351742600093
5.823270986273784
5.828212949319607
5.8331360326010016
5.838056933156431
5.842984153156065
5.847898427408851
5.852829089704706
5.857768679281529
5.862688541048094
5.86762407331483
5.87256179330441
5.877488419763739
5.882409890875584
5.887331043395203
5.892261001768893
5.897167471734837
5.9020657571435216
5.9069901486519525
5.911907185346702
5.916837286880719
5.921763491348386
5.926679482413251
5.931610629769648
5.936534527912581
5.941461192990006
5.946393053608898
5.951346825877378
5.956248966212786
5.961193080620263
5.966125861106744
5.971054071419402
5.97597661269435
5.98085418399775
5.985780763566858
5.990713029850967
5.995616274779466
6.000526969159306
6.005425087875702
6.010333197184643
6.015252673194503
6.020158087350163
6.025071913779395
6.029977247395587
6.034862175607142
6.039755639307336
6.044649589971734
6.049543275601518
6.054455631777833
6.059354828925811
6.064243557460722
6.069139760955582
6.07403440229767
6.0789126628657675
6.0837961026284395
6.088683071970324
6.093574351632655
6.09846035326596
6.103353095481416
6.108244238585045
6.113136198107637
6.117996211816541
6.122853172156585
6.127698445602784
6.1325619476511894
6.13742537678313
6.1422769005703906
6.147113365689463
6.151951740827646
6.156801479928975
6.161651838583804
6.166493366318203
6.171333291400944
6.176174581622011
6.181015574047775
6.1858610340402045
6.190699057476992
6.195574955028236
6.2004299220070385
6.205279957095545
6.210135075661345
6.215007325629679
6.2198643731286545
6.224736508695805
6.229584800877961
6.234441990948922
6.23931387779903
6.244188636445399
6.24907319480163
6.253932123746423
6.258811911271547
6.263723601004553
6.268604506239828
6.273504406063525
6.278375645590666
6.283242359608895
6.2881215383377365
6.292987959425778
6.2978217339187
6.3026759285212295
6.307504429510532
6.312345006599666
6.31715027968213
6.321985173848257
6.326794366477324
6.331615704693715
6.336407482908136
6.341220262329251
6.346022198211028
6.350803804189806
6.355591339732435
6.360411749701025
6.365200766669815
6.369980225861644
6.3747736677057745
6.379563360883088
6.384360666547455
6.389142343604015
6.393926195080627
6.398708481082413
6.403511495696004
6.408291888267771
6.413100190875353
6.417888241569062
6.422708882826452
6.427516935953018
6.432345436020214
6.437144674378854
6.441944506443974
6.446750892693237
6.451538038472
6.456304804014409
6.461094477959159
6.465865511988721
6.47062857656657
6.475382378178048
6.480157485055302
6.484922582597018
6.489692234873222
6.494417195189898
6.499203811735027
6.50395688450496
6.508734905306024
6.5134665494639945
6.518222662401219
6.5229813210666725
6.527733035435664
6.53249040939429
6.537231438163354
6.541993434133514
6.546724168802149
6.551456644491971
6.556201252694187
6.560940341089229
6.565682607857188
6.570409767633776
6.5751682480193265
6.579884612031252
6.5846193854856905
6.58933304557728
6.594063374376508
6.598804921274241
6.60352814440355
6.608258822463817
6.612986040582384
6.617706492770741
6.622432619887487
6.627162216871542
6.631892764414801
6.63664855189382
6.6414135135194226
6.646195022259536
6.6509675011213485
6.655708899583061
6.660467273048972
6.665254059496347
6.670032490274696
6.674749883729111
6.679494181099048
6.68425177106767
6.689001310175704
6.693694273138058
6.698470350196791
6.703228092659817
6.707918405457155
6.712670483510736
6.7174227091315855
6.722163386888244
6.726900824571744
6.731648016386305
6.736402159396571
6.741144760376123
6.745920645596679
6.750692276528683
6.755442309921157
6.7601966087779415
6.7649772359450315
6.76976298887389
6.774502593515348
6.779281562361225
6.784057900536515
6.788829244992573
6.793579783923665
6.798339282472316
6.803088793215441
6.807815055977169
6.812568975746402
6.817327727716788
6.822085061708906
6.826829845969739
6.831580716074438
6.836334037455631
6.841066278666723
6.8458199840095455
6.850555855922704
6.855287596251694
6.860026818514313
6.864760251666927
6.869480023444486
6.874183806224755
6.878908389604075
6.883616866215051
6.888313690271754
6.893049774452291
6.8977436774584024
6.90242653253476
6.90715317497158
6.911824251655803
6.916525759317231
6.921232477927977
6.92591759706163
6.930618891797856
6.935284657891696
6.939977501237702
6.9446578973068425
6.949299384950603
6.95396537600801
6.958584838493361
6.9632645009680525
6.9679238556591425
6.972550477509449
6.977187706223204
6.98177504748334
6.9864376181859
6.991039948513539
6.995662942950718
7.000285522451805
7.00486503569647
7.009504226889367
7.014123043976911
7.018708012703963
7.02332347633164
7.027886125201515
7.032492559414616
7.037067752107012
7.0415955704979885
7.046190707937762
7.050730419888618
7.055250279592825
7.059800670983449
7.064344910014166
7.068852996450556
7.073460981203736
7.077974998933658
7.082527998995954
7.087096627600895
7.091592713832967
7.096228583084387
7.100748468776956
7.105317499025876
7.109881419821183
7.114445592685817
7.119010910454595
7.1235031005333544
7.128137609453464
7.1326519354988145
7.1371772653821965
7.141739235975592
7.14622700722865
7.150805333271144
7.155291046109038
7.159818104331752
7.164336269542864
7.168835468554529
7.173374963235455
7.177867763355776
7.1824498777988905
7.186923708761304
7.191443608214701
7.1959918445483835
7.200497491005948
7.205001015584044
7.209503366567371
7.21399884566438
7.21848771652315
7.222946974880827
7.227481789904816
7.231927565915265
7.23645951405828
7.240917462923676
7.245470145212593
7.249941953821739
7.254486022647685
7.258965714283704
7.263509216378161
7.268012537468086
7.272559921938795
7.277072759092544
7.281584902054911
7.286064322556841
7.290582358899914
7.295054649132241
7.29958782448547
7.304038015342683
7.3085465686448075
7.312994490368384
7.317467840728025
7.321945055147465
7.326398230125597
7.33092934974425
7.335355829422945
7.339926790100973
7.3443732071648355
7.348903987747245
7.353371308089856
7.357892286439895
7.362369575646463
7.366873654348815
7.371390309943459
7.375848639099195
7.380376772354032
7.384853863912708
7.389372222694264
7.393822789416433
7.39833030795529
7.402790482080145
7.407293228909278
7.4117570691863675
7.41623645220876
7.420694716244558
7.425160914460518
7.4296613218742875
7.434132004551033
7.438617343102752
7.443104990118919
7.447605803796596
7.452084173068698
7.456528790852386
7.461062931392424
7.465551512460506
7.470084291167213
7.474584653654348
7.4790335298918595
7.483556318362607
7.488032132626602
7.492519404548032
7.496993010896097
7.501419314633734
7.505879661004057
7.510344395541364
7.514784834129445
7.519246773414526
7.5236942007515415
7.528118401540461
7.5326039793626975
7.537050376966405
7.541494123463226
7.545978565327002
7.550429279306665
7.554861736286598
7.559318918599622
7.563749133577805
7.568184193300023
7.572681100304079
7.577084823565756
7.581568872589591
7.585954250889851
7.590438686050096
7.594910676751286
7.599365173580569
7.603799428685094
7.608251306729184
7.612739950761571
7.61715997903527
7.621614915347462
7.6260366881376624
7.630497294685584
7.634929154815545
7.639414405365073
7.643852820058299
7.648320674402849
7.652772477387665
7.657206837270529
7.66165581932317
7.666085051389205
7.670553064567717
7.674948989060385
7.679359622669044
7.683788596463128
7.688195715906271
7.692606588968798
7.697033558547524
7.701446957231005
7.705845220987301
7.710233745632972
7.714666195199542
7.719074814076816
7.723483380632394
7.727919929879277
7.732318226453052
7.73671946334809
7.741130589775296
7.745561127840309
7.749999815979081
7.754453821181839
7.758918978940899
7.763357504093996
7.7678039981855465
7.772272105558439
7.776748069341418
7.781243264778289
7.7856965105060665
7.790197079798029
7.794701248053675
7.799215872413353
7.803729898654247
7.808251128380254
7.81277460300172
7.817303946155173
7.821846017315865
7.826406109707793
7.830965981409627
7.83553223871208
7.840096785066455
7.844650936735129
7.849227245686571
7.853788311141293
7.858363146864913
7.862924914022515
7.8675062236916276
7.87208165095393
7.876657522688481
7.881230299704633
7.885787326007094
7.890347551316371
7.894928440975474
7.8994764169277865
7.904052588270253
7.908620502906874
7.913179026137654
7.917687686315085
7.922183623721754
7.926673577015703
7.931165059419587
7.93568644995213
7.940192201777396
7.944696468070743
7.949214249199793
7.953721529060736
7.958230411282888
7.96272718360968
7.967217035469662
7.971717693533927
7.976229001727372
7.980754787205071
7.985250247640311
7.9897588222645615
7.9942772614225905
7.998793438670227
8.00330540449437
8.007822488748815
8.012333629946056
8.016850485029249
8.021352693947497
8.025851436963734
8.030341143744188
8.034841278950152
8.039293134750348
8.043780463851055
8.048259848459402
8.052737447157543
8.057194614956629
8.06168899306497
8.066109170760436
8.070559129065831
8.075003688863696
8.079465082568642
8.083925316431879
8.088377996009669
8.092813598363318
8.097203453485365
8.101592857316914
8.106021158942992
8.110443738959562
8.114849036571323
8.119255983030726
8.123649447380494
8.128052519988623
8.132432781356412
8.136814992969981
8.141211602268895
8.145584170348954
8.149965324030852
8.154349968161839
8.158777715096095
8.163130673179877
8.167522719644209
8.171929060837796
8.176350329249342
8.180788530619914
8.185118044789727
8.189602173821687
8.193919575097464
8.198237375743872
8.202560433023724
8.20687783873181
8.211201132208156
8.215542973539772
8.219836662031643
8.224101157966686
8.228413354423544
8.232679586319879
8.236960581112157
8.241247168727691
8.245462260479387
8.249758813161844
8.254007238825583
8.258194265924825
8.262450973587935
8.266610233917367
8.270842279402205
8.275010579446636
8.279208000864362
8.283405906175938
8.28758879557198
8.291815147848313
8.295998864608059
8.30021273496087
8.304419276502513
8.30865277123762
8.312905081484498
8.31707823170724
8.321298014973793
8.325536512334956
8.32973097539641
8.333921223395238
8.338174384013577
8.342373112686158
8.346592142798906
8.350825951228396
8.355048528882525
8.359299922058192
8.36353291269006
8.367810198495437
8.372058123767653
8.376328950173406
8.380620587484396
8.384912655986117
8.389203446795275
8.393473651271721
8.39775793688805
8.40202862468948
8.406291020534587
8.410543510559412
8.414833507521324
8.419110937053105
8.423384163682648
8.427668850318826
8.431931667831403
8.436246509172914
8.440545296145071
8.444868724807932
8.4492145729371
8.453519728042707
8.457801544233533
8.462187716060361
8.466519219246516
8.470839796042586
8.475153600041647
8.47946798359918
8.483785959633
8.488053662013908
8.492327042077818
8.496629218517601
8.500917200434166
8.505185966262358
8.509521025118877
8.513792396981158
8.518117435551545
8.522402871690913
8.526726355632448
8.530992306761483
8.535309147032212
8.53960723888223
8.543900202888892
8.5481905871203
8.5524318880644
8.556731590365654
8.560995171876048
8.565312082419501
8.56957250858983
8.573853689276355
8.578108591807524
8.582392198813393
8.586615355114892
8.59086280021349
8.595137524694183
8.599403509704416
8.603633531326944
8.60787730877921
8.612102151496485
8.616328352156549
8.620582360668617
8.62484228946075
8.629050927671976
8.633279064104832
8.637508631386623
8.641729681667512
8.645937317023032
8.65016661268957
8.654414393359138
8.658591582652296
8.66280339806472
8.666988087108729
8.671201961028322
8.675418778581827
8.679601685100463
8.683810785333057
8.688016689537067
8.69219750203278
8.696417370577608
8.700603364572244
8.704816575606934
8.70902561854082
8.713215019436804
8.717475024659592
8.721706895591085
8.725904923584649
8.730127205146633
8.734369795741499
8.738587740574316
8.742826810740793
8.747052308911423
8.751280969361215
8.755495378508378
8.759720989688667
8.763954054259232
8.76817737482094
8.772403650115189
8.77657813034616
8.7807365396644
8.784882034869732
8.789089582370513
8.793261377573627
8.797435854804842
8.80162561975532
8.805821089817904
8.809959211421337
8.814180509988047
8.818355302141123
8.822521215584008
8.826718386707897
8.830859583724834
8.835053594768864
8.839267166913036
8.843464905894885
8.847649736257754
8.851872574092345
8.856068177403273
8.860293266971325
8.864609194873132
8.8689165713259
8.873207308495584
8.877636984753098
8.88200417948872
8.886365746301255
8.892266269610205
8.898212991013763
8.905484513509032
8.911301409697613
8.917152147244629
8.92313174047892
8.929204653131363
8.93666121567832
8.943870281501471
8.949719332735734
8.957070966957662
8.963001526036646
8.968845006149863
8.97487046348661
8.982260138658887
8.98818285450671
8.994141253463564
8.999997044866289
9.007422787459763
9.013467336504798
9.020764879330677
9.028145141157218
9.034019906314889
9.041325105304225
9.047152862144664
9.052997016203863
9.05878969931905
9.06466129011388
9.070435860813719
9.076290240709232
9.082088720001003
9.087901107627479
9.093678815787001
9.10088027984593
9.106591176305987
9.112350377000892
9.118077320214741
9.123828697569223
9.129544698230154
9.135268079665119
9.142393456712636
9.148091620107309
9.153762382909209
9.15947996164759
9.165243640271127
9.17107400852765
9.176786572170979
9.182590230744273
9.188402280646377
9.195527171564375
9.201254807528693
9.20696937330384
9.214098892071673
9.219708482556715
9.225428568855932
9.23117940839971
9.236869390082214
9.242564705645455
9.249602138507717
9.255234991593115
9.26079015026155
9.266451764928613
9.273387107760744
9.279076643284887
9.284580810336355
9.290260843318993
9.297196964643497
9.3028436332806
9.308348519393427
9.314058290284612
9.319610936626082
9.325213037484636
9.332271888320886
9.340674453406036
9.34762570606476
9.35614102178395
9.361661642716378
9.368566670909694
9.377073766771408
9.383883954117698
9.389427170808288
9.397849961107537
9.406178921309024
9.414496967923915
9.421589426510037
9.430116047642521
9.438592547916857
9.446974261602673
9.453933050414387
9.460916591088814
9.469427745314766
9.477870659794398
9.484861026471831
9.493189486768873
9.49883622528018
9.50448375834855
9.511375324854939
9.51705105715234
9.522648970493666
9.529745160408977
9.535210235611796
9.542295046550754
9.549396353851721
9.557857461910352
9.566273010539915
9.57319532422408
9.581679778861622
9.59023146226712
9.598601200258921
9.607009455867473
9.61539277473087
9.622435740009523
9.629446914475468
9.636472491041406
9.642043462269687
9.650494415801752
9.657508825921767
9.66448475817012
9.67283914228514
9.681068442845952
9.688094947818485
9.693710859953399
9.69928197991098
9.704873464766987
9.711868676610678
9.71887509229088
9.727093641112805
9.735356285536637
9.743646673828513
9.751905578170682
9.760270972684413
9.768522792347916
9.776806611107517
9.783914270978794
9.790799920920035
9.797654342019335
9.807249696656578
9.815505524791536
9.823700515429778
9.833260443643104
9.840058308302556
9.846772266269667
9.853479609577096
9.860237310185957
9.866973582141338
9.875041442069008
9.881708815495898
9.891190827834823
9.899275393492719
9.908773206462993
9.918167219060019
9.924909598164406
9.934363031938952
9.943906741473997
9.953414787504363
9.960272626966823
9.966988948161074
9.976581605876744
9.984753156309985
9.991168496726168
9.999515612476394
10.008445690561672
10.017833730438767
10.026962955383066
10.03589985004875
10.04395572763467
10.053059969576022
10.061918395217113
10.071112306447372
10.080608908284802
10.089867944149622
10.100516796161845
10.110991930567346
10.121438475437838
10.129147377572641
10.139523573838876
10.151184249215184
10.160221790405153
10.170388481557872
10.182237071763218
10.191212102061325
10.201613804825284
10.2104776817182
10.219510699035549
10.230049851200057
10.238898609664927
10.25201177626606
10.262312505766834
10.272590960374824
10.283999066781673
10.29433376455478
10.304653511859355
10.315014422433554
10.326540505293547
10.336701378807925
10.349474291682144
10.358353100384287
10.36853151824226
10.379963469916563
10.392681055107376
10.404068620836762
10.412925429847114
10.421797056377574
10.431975282710447
10.443444614435997
10.454819574263691
10.464921935636905
10.473816983482417
10.485208047446871
10.4940521476466
10.502845395192626
10.512862635179692
10.52299627723255
10.53311511643826
10.543230202835954
10.55345207719043
10.566093430341919
10.578825791304379
10.588932295096765
10.60035855311734
10.611852999753676
10.624483572880523
10.63968348222759
10.653678604861689
10.667620263430974
10.681549934178571
10.695556206099798
10.709629449627988
10.721266643867
10.732914067176853
10.746960478875629
10.760994284939628
10.777670505873804
10.787896219002596
10.798146397321943
10.809601790626132
10.821144081889688
10.832696285574025
10.844261251671728
10.855904644139466
10.867549453332044
10.879303952034107
10.89103833134339
10.904121691752037
10.915929951527602
10.923763999316458
10.930383206912401
10.937001182403321
10.943521838131016
10.951352441094976
10.957878257681134
10.96436137635981
10.97091952083757
10.977453099313458
10.984055198594076
10.98936507936508
10.99473989378379
11.002429696882709
11.010299064744595
11.016885792781327
11.023569816459746
11.030439360625172
11.03673313651133
11.04332974014365
11.050219889632423
11.056665687402235
11.06346820497834
11.070177124519537
11.07649106963534
11.083129219818733
11.090017902320929
11.09812397533116
11.105958377719245
11.114161642665803
11.121013881385474
11.126593474515978
11.134910076968248
11.143001543207678
11.151182189573648
11.16067288304207
11.17022434059901
11.179786198033312
11.18941088728348
11.197564192054326
11.205746748977244
11.213927902427095
11.223166011673753
11.22984623706347
11.235297937357055
11.240577494474119
11.245895990692311
11.251188591460998
11.256461967649106
11.26180535895879
11.268437674455164
11.273715099216716
11.280340832249685
11.285644585963258
11.292119735004723
11.29743730551911
11.302650993140027
11.307960304714445
11.313264891611173
11.318522379214851
11.323881679415278
11.330478704133721
11.335784841667047
11.342420475193116
11.347694916869251
11.354343303393847
11.359638939928045
11.366266194360513
11.371578658188339
11.378136498332346
11.383445700309288
11.388690675407334
11.393992974313425
11.399266341127603
11.404669478565047
11.409893840209966
11.415271605444403
11.420596333451261
11.425930628593362
11.431283241379031
11.43661898226256
11.441943259800741
11.44725112673415
11.453870973702777
11.459187174064928
11.464472317666871
11.46976709763694
11.475110382262386
11.480475036335177
11.485767839607549
11.491121827169277
11.49640482063142
11.501701150147392
11.508374039779412
11.513695786654656
11.519042885102532
11.524471530940197
11.528508469045923
11.53254524926355
11.53658621472591
11.540635216564471
11.544642166353475
11.548672934428751
11.552693787069582
11.556747491823304
11.56075698621763
11.564763280394859
11.568767733202629
11.572791481245586
11.576786254596275
11.580772321005577
11.584806867780387
11.58876636419582
11.592877831484289
11.59682553652979
11.600930592696768
11.604866817854901
11.608978900748602
11.612972300649705
11.617007059306333
11.620970306889658
11.624992028876862
11.628970158315951
11.632923798166768
11.63692646351596
11.640958990860343
11.644974526923678
11.649014700904505
11.653065373476432
11.657117830526932
11.661214043194212
11.66536591400666
11.669461640236845
11.673600693306856
11.677707469284899
11.681891070820804
11.68611996003856
11.690363518945611
11.69453478144925
11.69863308393806
11.702832500553939
11.707042046281435
11.711110381329595
11.715262962931973
11.719445906455483
11.72356205681758
11.727755001705697
11.731912294798772
11.736080226482864
11.740273325258444
11.744491307918555
11.748663969215833
11.752888892669716
11.757058896339943
11.761272834056225
11.76545613445763
11.76960617635699
11.773793393310038
11.777984486783367
11.782138189458074
11.78630109667508
11.790472555952022
11.794655415569538
11.798818268345327
11.802967337355915
11.8070923062324
11.811268509958857
11.815425403115249
11.819580163763712
11.823745085132902
11.827923089479055
11.832084709601805
11.836254097787965
11.840439073603726
11.844592525567766
11.848814570213117
11.852903870309868
11.857084902762908
11.861231734588719
11.865380157493437
11.86954026439548
11.873623258592916
11.877815853121543
11.881957352655272
11.8860223089928
11.890174118393668
11.894341763139714
11.89850208196746
11.902736986103703
11.90693813553495
11.9110974721448
11.915314995420099
11.919486583162168
11.9236442975929
11.927860632895914
11.93203841545819
11.93621581210154
11.940424987851642
11.944654422971665
11.948862344688308
11.953117950990062
11.957373016117806
11.961625427120538
11.965918003330653
11.970181146905146
11.974476750525094
11.978792669714167
11.983069105270793
11.987413303513943
11.991696969174923
11.996085559672471
12.000436662622139
12.004814186705955
12.009169540931495
12.013579811339168
12.017962680453115
12.022416078054507
12.026830250977097
12.03129077700126
12.035743691084223
12.040172423164977
12.04460714620318
12.048996628114605
12.053389081406047
12.057793386763048
12.062154638428472
12.066529878639642
12.07093403725963
12.07529765366408
12.079662841081841
12.084048287223945
12.088398092884894
12.092693859675974
12.097043013520064
12.101392220190421
12.10575442463675
12.110019792055136
12.114364480685317
12.11871516789277
12.122950764162168
12.127262313376898
12.131698083926338
12.136010040760981
12.140370582052084
12.144683417725048
12.14916971788971
12.15353459010243
12.157910294916583
12.162282479326812
12.166570211399376
12.17097274434976
12.175386661559564
12.179595247275543
12.18409779094376
12.188317687096143
12.192791411492992
12.197109479080552
12.201529738137868
12.205779609586608
12.210168251545172
12.2145782905368
12.218871439827861
12.223228740667013
12.227645741644066
12.231936948011652
12.236299284912716
12.240808648047851
12.245083525621997
12.249459937794386
12.25383680221816
12.25822725203354
12.262592607252365
12.266995456745786
12.271346918717963
12.275699382416954
12.280073047427846
12.284401719491338
12.28873910378442
12.293073446038651
12.297472892934408
12.301814926668383
12.30615360306109
12.310540898327174
12.314869094825848
12.319269820113036
12.323654544487047
12.327993730621396
12.33232207491717
12.336672221068323
12.34102137899578
12.34538920121753
12.349839774069045
12.354233184143663
12.358581941255803
12.36299239645107
12.367428384007846
12.371913592326356
12.376342806726809
12.380733279889249
12.385140783193465
12.389547918782553
12.393991487938354
12.398359913297407
12.40286027772013
12.407283455248015
12.411686796141986
12.416089791083916
12.420538360323793
12.424961810504982
12.429398976517405
12.43382596686939
12.438229451086675
12.442572239451708
12.447014273246065
12.45138178070246
12.455829852254853
12.460178226695495
12.464575814773088
12.469026602284645
12.473452574263103
12.477798868914869
12.482202763321178
12.486565702605974
12.490983817022839
12.495421412368588
12.499826385471687
12.504241397888862
12.508692293606464
12.513154576777012
12.51763284997933
12.522142664985616
12.526695723149912
12.531144656720862
12.535669232674772
12.540203426457637
12.544672265061642
12.549157959453886
12.553645090464107
12.558046730892157
12.562543652012376
12.566965967325858
12.571462345962013
12.575990889515415
12.580424021829442
12.585014399539116
12.589543873699869
12.594138363098308
12.599320522619045
12.603779518787896
12.608339246352884
12.61269800679653
12.617206110541293
12.621872487950014
12.626368225783434
12.630783431124678
12.634725717764022
12.639902883066053
12.643702110881511
12.648200003868917
12.653361110391277
12.657055341645155
12.661627181772415
12.666052837867243
12.670561438161872
12.675016488939526
12.679426093161206
12.683915360382573
12.688430197889542
12.692866645305712
12.6973067583074
12.701693226753825
12.706093793079333
12.710518818996515
12.714917139695547
12.719274616614287
12.72367127629606
12.728071086351324
12.732442418764622
12.736801787101353
12.741225478916693
12.745646948438859
12.74993197397696
12.754439123304183
12.758787420507312
12.763214375109197
12.767627748168026
12.77264235644277
12.776989289032274
12.78145607331479
12.785904943537435
12.790145441284164
12.794681370831675
12.799206814633783
12.803802564143806
12.808323631313703
12.812592951016365
12.817011555390867
12.821529142847883
12.82611563521635
12.83073473216511
12.835337607072852
12.839863304363675
12.844624527071103
12.84912582108913
12.853788105087016
12.85865713911026
12.863364719713292
12.867960501718361
12.872476969249092
12.87712198201529
12.881818211474277
12.886643707574622
12.891093025072351
12.896059141778354
12.900756045970521
12.905125940117852
12.909774952598728
12.914507579499592
12.919092827221736
12.923727077443926
12.92846185796287
12.933061009588792
12.937600701083024
12.942259730351699
12.94691024233117
12.951453028068029
12.956097561406752
12.960781933611345
12.965373354612561
12.96997112260089
12.974578763934192
12.979262859239912
12.983842375039705
12.988462632095688
12.993116011648752
12.99775291466434
13.00236801921529
13.006977951184263
13.0115999699276
13.01616320774362
13.020799533147535
13.02540092871612
13.029936448143602
13.034481958793213
13.039068114076866
13.04365875108931
13.048197277063771
13.052724817462714
13.057425355546497
13.061885448824253
13.066365337037713
13.070675154500755
13.075192183551682
13.079599951860432
13.084163733553286
13.088605806613648
13.094495739457862
13.100407621142482
13.106580210735565
13.112509784762562
13.118286973867043
13.12430459663284
13.130359256587628
13.136538853777289
13.1426093794062
13.14867655603546
13.15496933729714
13.161091924674063
13.16697744839352
13.173147935273793
13.179277526423764
13.18527318132854
13.191315524245725
13.1975845009781
13.203616296670548
13.209394371771978
13.21549856023539
13.221312288108608
13.227304998477099
13.233708096001207
13.239682957997985
13.245671763763847
13.251658407097217
13.257601422207415
13.263512405824816
13.269449777254062
13.27516234979336
13.281235459320053
13.287202745373916
13.29166865584354
13.296265662219103
13.300958003668368
13.305797078830937
13.310520015496905
13.314957779417316
13.31980310703366
13.324590746158147
13.329399548074429
13.334285828764076
13.33925040258687
13.34412857067335
13.348924318221018
13.353745877047501
13.358595681793526
13.36360356526487
13.368388602777186
13.373222134569518
13.377899316946015
13.382779262452184
13.387611041740094
13.392399307869004
13.397093735309431
13.40353922042841
13.409874553482831
13.416271963895284
13.422447265846792
13.428657568042533
13.434831925611572
13.441130990950466
13.447189521645072
13.453497348110005
13.459809290436148
13.466058924490051
13.472404701385068
13.478636013399122
13.484894915675529
13.491192927814222
13.497249442672858
13.503776133134986
13.50984950951486
13.516382214202139
13.522665752021217
13.528964134970607
13.535389509268343
13.541580025076696
13.548181114083501
13.55595364476162
13.562279902495844
13.57008150894212
13.576382135070526
13.582462459543173
13.588973440184047
13.595032905973587
13.601364570317319
13.607616455321281
13.613863735382395
13.620176429887016
13.626508999874995
13.632862119284678
13.639290796862745
13.645568203255666
13.653297307080093
13.659498045774157
13.66583729086006
13.672048863340928
13.678298294365774
13.684563581816613
13.690744020605237
13.696726398924113
13.70298407057054
13.708901982951181
13.714802336314646
13.72069835638655
13.726800276815354
13.732673498499427
13.738659465716314
13.746053638936605
13.751981806107652
13.75782127569772
13.763665615315965
13.770807467128432
13.77665115489809
13.78242255798612
13.786771106846748
13.791104807979954
13.79538228677584
13.799652402464915
13.804196332892017
13.808787275943775
13.813160747292402
13.817795749579291
13.822348686995449
13.82694149224203
13.831675614350786
13.836216388893796
13.840811337061021
13.845381514819406
13.849893183870016
13.854470623348536
13.860325424316857
13.866345107610853
13.872503710061663
13.878653395536372
13.884761637177732
13.890850175038475
13.896735454007176
13.903631116491097
13.90886612497644
13.914943631355149
13.9209614087452
13.927029890405933
13.933949393327401
13.939426780052246
13.945660459555555
13.95184453884139
13.959522986248508
13.965795066398316
13.971988283125707
13.978240674910271
13.984493102074868
13.990828595482771
13.997073933445035
14.00341945619455
14.009754147909359
14.017642060478948
14.023932409533037
14.031786284239082
14.03959521280994
14.047415312937066
14.055094409529064
14.061283980001518
14.067453070334276
14.073642106407268
14.079810931040385
14.085990118941384
14.094389716052024
14.099892776457455
14.105828814347472
14.110515095843672
14.115105700551542
14.119664251760486
14.12407932787144
14.128654144624708
14.133092404100557
14.13758041794126
14.142185472449933
14.14695339399153
14.151440092302687
14.15603632591951
14.160679298506409
14.165277200891468
14.169939628816845
14.174610023772045
14.179286670562195
14.18392180425682
14.188670574745347
14.19342798332525
14.19825565908006
14.203050524680673
14.20785435074084
14.21259516606298
14.217395902998291
14.222118961973225
14.226810841562608
14.233213692935333
14.23953040371027
14.2455666056972
14.251969625801173
14.258392498369856
14.264827501624538
14.271310665968215
14.277693813126545
14.284141174696424
14.290717864117225
14.296943706941398
14.303619593734222
14.310074453544686
14.31666334095169
14.323279970965961
14.329920113729974
14.334923797029257
14.339935746571793
14.345084014349183
14.350191740888983
14.355447833026355
14.360592530065139
14.365868162662727
14.371079586745054
14.376380011570332
14.381816506909042
14.38731456029938
14.394516744127609
14.401809264976123
14.409060304305212
14.416475033641353
14.423913916607233
14.431391901085213
14.438805661471308
14.446181417738723
14.451589369069076
14.457013464570382
14.462430709979989
14.467840247629434
14.473153519040904
14.47840106707006
14.48379334004097
14.489087683041426
14.494375655806431
14.499643257151792
14.504895400375588
14.5101208204977
14.515354017271582
14.522229145399372
14.528719769561913
14.535338036924761
14.542016141877413
14.548670589606324
14.555340827859062
14.562834839767788
14.568811365955003
14.575529954804793
14.5820592728029
14.589747470332519
14.596314274005215
14.602043408852904
14.608541525636374
14.61548415884318
14.62227819383697
14.629152700381367
14.63615758061641
14.643327155463968
14.650716992332466
14.658019921787991
14.66545632135087
14.674670600987694
14.68385273928567
14.693137171210314
14.700616154540207
14.710062015330713
14.719452985321631
14.729022036517248
14.738299431200021
14.747387527389797
14.756778047838402
14.766014981791745
14.775182330230452
14.78242385017382
14.789652826383191
14.7968700747647
14.804027919124813
14.813115858833553
14.820624402002077
14.827716441321856
14.835125186648177
14.842146961335333
14.849298178898234
14.856531461363426
14.863555356266557
14.870751881749678
14.879636164860724
14.888496113963757
14.897369984573272
14.906325582240301
14.915013211398739
14.923988899014947
14.93285783370423
14.942006742397508
14.951104831763583
14.95818244315291
14.965702206253413
14.972260867757097
14.979539576239555
14.98678534910129
14.994365504419337
15.001489807878327
15.008114439579867
15.01567822597741
15.023106311271185
15.032192620320645
15.039707698662946
15.047198120971057
15.054910399235178
15.062465362375677
15.070036451648447
15.077553289579086
15.08490925917416
15.09397832162865
15.101412526873455
15.108846296639962
15.11652418224274
15.124067380312262
15.163134577698466
15.174919609263405
15.184669199337666
15.194408267995879
15.203860234068562
15.215149093737585
15.226481009080423
15.238036065401815
15.247492158227777
15.258995342547891
15.268821153854303
15.279247772892532
15.290659627349221
15.301842223537305
15.313095838496777
15.32613426384838
15.339008838618398
15.352171553689306
15.362992121251017
15.377727000732653
15.388636487366314
15.405352784235836
15.409254681427685
15.412873024079659
15.416105452144752
15.41979091007575
15.42347569265069
15.42712457952383
15.430798886633612
15.43438732374799
15.438057797420495
15.441718065904132
15.445446708502672
15.44913656606771
15.452770862584826
15.456536337899545
15.460255811458767
15.463972276275141
15.467702483105642
15.471390761564024
15.475079630837477
15.478767090622398
15.48244048315828
15.486124359852738
15.489835610793328
15.493491966664356
15.497198376590053
15.500838214722418
15.504535184859526
15.508203473011468
15.51191485695505
15.516030994058497
15.519843629301906
15.523341675878855
15.52711366516505
15.53091580865622
15.535118159279856
15.538618105647453
15.542421688801737
15.5461303209701
15.54991819878862
15.553669848983912
15.557444424653212
15.561244148069054
15.565059621038213
15.568928118905419
15.572642292414535
15.576419904716476
15.580195551505144
15.583994989281594
15.587683928460505
15.591529835093965
15.595285985083825
15.599027198860824
15.60276322443647
15.606506202492588
15.610282954582669
15.613993731899226
15.618063794149485
15.621524201362773
15.625273574150617
15.629163982583723
15.63288333320211
15.636512217258673
15.640616655831435
15.643973542230203
15.647818438470415
15.651474900065578
15.655376679269697
15.658785531772004
15.662396157193095
15.666126915653159
15.67004688430853
15.673540698279012
15.677220836331157
15.681164559469638
15.684606212049994
15.688550850464697
15.692252656094022
15.695719853584945
15.699716266052805
15.70308147399842
15.70708058964272
15.710501293500652
15.714184396350216
15.718144986721146
15.721496448373562
15.725196494019302
15.72886132987301
15.732553378419897
15.736518627230554
15.739869637803997
15.74383278422089
15.747190766506705
15.750849902570476
15.754459875004633
15.758131103988584
15.761764623889423
15.765352816902558
15.768939218907422
15.772496557989545
15.77608146661186
15.779686454251923
15.783272903334232
15.786839457615807
15.790455895700454
15.79430171239763
15.797672417621163
15.801335459980136
15.804959344485626
15.808641664310784
15.812283285144204
15.815924732934391
15.819578485822214
15.82323467380705
15.826891306463533
15.830497500905919
15.834122966500614
15.837745498402668
15.841370246959467
15.844971245176227
15.848578987239481
15.852175761299803
15.855755377646092
15.859329108677938
15.862946644795956
15.866518836026001
15.870124140218598
15.873724755957399
15.877300281714618
15.880892608616222
15.88445053975015
15.888070612419742
15.891720289020009
15.895351777847003
15.899080694413758
15.903071517293109
15.906473262371696
15.91019167470116
15.91414139099869
15.917697462784426
15.923321438479281
15.931144257712452
15.938804137962592
15.945838129031115
15.95436918906763
15.973746041749958
15.978947314638528
15.984070763792053
15.989553848413244
15.99473322121489
16.213342405786328
16.22150834746901
16.229444709364888
16.2375131738444
16.24744528593391
16.255537706915913
16.263764724789258
16.272011902681076
16.28213495614817
16.292106739685252
16.302189046411893
16.3122744812655
16.322362186399758
16.33234636143849
16.342326204687122
16.3543540955923
16.36639935207065
16.37828592949217
16.390379760705166
16.402465855139813
16.41455025871914
16.418619639325968
16.422738772900676
16.426854237346866
16.430942441693777
16.435028493834004
16.43911485011424
16.443136699596757
16.447231518672723
16.451295413720036
16.45536636989704
16.459321602073658
16.463289390300538
16.467286835558166
16.4712833162705
16.475204067484274
16.479272962536598
16.48332586752328
16.48734584865042
16.491372622025054
16.49542769584338
16.499459232366817
16.50356414812676
16.50768230436702
16.511779464363986
16.515938510423073
16.520097062803824
16.524237677079345
16.528201080956936
16.532196422547038
16.536704458874656
16.54051201028488
16.544750986999713
16.57147820174265
16.589856976031008
16.608947413162035
16.62743995234139
16.648176643397658
16.65289423026649
16.65736953982653
16.662201546217634
16.66711952587036
16.671874890949738
16.67642616014125
16.681284133614486
16.685352467852553
16.689891523814808
16.69393361676161
16.69882679396475
16.703646687825536
16.708314428339715
16.712929818876813
16.71731023022864
16.72220494832852
16.726745942713315
16.7312066520863
16.735585923312296
16.739864643243617
16.74414202240319
16.74808548020916
16.75233182444765
16.756599688661176
16.760822286454363
16.76527360696962
16.7693642481263
16.773449118393778
16.777480565775544
16.781514249410204
16.78554385370709
16.789619127409534
16.793796009792803
16.79790432324491
16.8020241556743
16.80614434459635
16.810095605983065
16.814119026607383
16.818303283677874
16.82221628886488
16.826208544911566
16.83015996564881
16.83400731947511
16.83785086063044
16.84148531214648
16.845478787137218
16.849182886179296
16.853079231582676
16.85692388845013
16.860505231016685
16.864635205352176
16.86857604002404
16.87245951041867
16.876101288251753
16.879983522095223
16.883954870102215
16.887695852774893
16.891575898326764
16.895327940610606
16.899198368881198
16.950297192618955
16.95637055542751
16.962435874815835
16.968593849465403
16.97407904094915
17.02618749667161
17.02998874293951
17.03414382334067
17.03808527073592
17.041856251561573
17.04567851848325
17.049509910665144
17.053749858917495
17.058234022749673
17.15507924478153
17.160421540446468
17.165869343501658
17.171681318803454
17.176784149269547
17.18240151964092
17.188000670498845
17.193652965302636
17.19922337249735
17.204869909853446
17.21055710871451
17.216129331842723
17.22198458426359
17.227715087678927
17.234312385884817
17.240154736515
17.24518737938068
17.249382350461687
17.253494317547243
17.25759346533931
17.26175522016139
17.265685718560334
17.269804930768153
17.273828847691405
17.277798483525256
17.281763268623585
17.285755968976606
17.289767133489946
17.293825301869983
17.297877977893883
17.301879431197865
17.3058478271161
17.309894356491725
17.313932557964222
17.31792959114889
17.32236783507209
17.331146685163997
17.335967115667003
17.34061988602008
17.34494753011286
17.34887350605377
17.353162643184763
17.357313608965384
17.361416599173282
17.3654241361384
17.369662794564107
17.373817269039787
17.378081931994334
17.38223428539556
17.386703288459458
17.39110710757666
17.395714893401085
17.400561333757445
17.40564612702803
17.41068976581283
17.41572499855136
17.420663735542817
17.4253812753611
17.43037702439571
17.435661476241542
17.465127914919307
17.46842208928808
17.473502892042525
17.476709698755066
17.481243304121453
17.485651714398234
17.491014199124617
17.496019099305496
17.50128206816885
17.506511216688544
17.51184763596035
17.517151569459276
17.522550702412083
17.526794148326754
17.530882258154524
17.53496923500815
17.7757877679494
17.77984063953813
17.784314906679167
17.78812377948375
17.79189594245014
17.79621167125607
17.800077572136864
17.804353459244364
17.80839998909368
17.811933656240786
17.816358103303127
17.820578038925735
17.8246459978598
17.8278835747104
17.83223659162344
17.99114580998292
18.000530955316734
18.017575125618457
18.022100055532892
18.026112313251637
18.030074218252697
18.03384019144418
18.038090666659446
18.041623211487583
18.045736996672463
18.049100491860155
18.053734317645755
18.057149707418255
18.060730661544095
18.06523788767431
18.102857142020916
18.110310562429188
18.11846035302985
18.125813495144108
18.1331904204478
18.226182856050656
18.229480068849995
18.233713562988303
18.23773042843108
18.241773667806978
18.245178272086097
18.24988808787462
18.253813464747676
18.257840544967447
18.261096427005874
18.26561610774175
18.269091806635252
18.27350319173094
18.276861571089388
18.281017735355988
18.2889913773461
18.305604719228654
18.3104844980574
18.315783369148814
18.326381668811425
18.331921407325055
18.337224520469487
18.342667379586526
18.353682419835305
18.357662151356404
18.36178634511597
18.366052070717437
18.369435999350724
18.377976450721654
18.381926581193653
18.387039510369657
18.391146721282524
18.395219073087755
18.39939236604736
18.403567954430542
18.407665563068733
18.412077004811103
18.416046407575074
18.419721502003608
18.423722234932043
18.427855516237955
18.43189124674
18.435927595407737
18.439942799428376
18.443972894546
18.44801142200426
18.452067092719872
18.456093149346586
18.460120357971746
18.464789532226288
18.468315743214013
18.472452875706384
18.47649299849519
18.480344844513333
18.484378389440888
18.488390821814672
18.492323220967904
18.496265380334858
18.500255066017548
18.504290797962607
18.508284627663677
18.512303139077865
18.516427500223504
18.520442610905057
18.524561244321678
18.52873692825078
18.53282794025618
18.538045769015824
18.542073379592505
18.546356125637324
18.550345458679203
18.554889203834463
18.558219862816028
18.562423581464593
18.566633531379292
18.570729323233202
18.574856837297247
18.578947500001334
18.58308697408256
18.5873363204274
18.591331607857494
18.595697927027796
18.600003054594666
18.60414931655204
18.608337643391124
18.612538995990764
18.61669895708389
18.620620188539213
18.624781375512896
18.62886698612734
18.63306511911667
18.637227176531063
18.641342372245905
18.64543616269482
18.649655100682374
18.653648686226767
18.658727071906007
18.662878850590886
18.667468698475147
18.671224539475208
18.676214436313938
18.680527297966847
18.685443718299954
18.689408691073847
18.69373108128947
18.697880578453663
18.701980901164454
18.70524824332385
18.709313775085594
18.71339961729998
18.71738858577838
18.721425336334242
18.725450616643133
18.72958985562292
18.73369950912804
18.737819993596535
18.7974544796054
18.801534809121897
18.805641708933706
18.809597806831068
18.813768539381297
18.817790670260575
18.821912988146547
18.83010053244265
18.83420065115068
18.83825451715324
18.84248068197292
18.84642770275606
18.850750776129317
18.85453884878654
18.858596267401936
18.862629685367935
18.86689307049361
18.96148228329096
18.966408668936534
18.97140954318408
18.976374539440833
18.98142884510088
18.985768938555164
18.989926695688162
18.994555677659225
18.99869048776549
19.003129143870478
19.007458426843595
19.011878126324515
19.016367473980363
19.02090965556084
19.025862710807573
19.03043832380489
19.035085019505374
19.039913623639254
19.04457440808082
19.048624032383067
19.05344461019855
19.058553377366405
19.06264556289325
19.06718535455169
19.072096968414318
19.077297170057047
19.082506527856903
19.087630542273917
19.092665974282703
19.097743188621536
19.10278465986403
19.10795256570254
19.11284254165542
19.11789100780432
19.121925394298774
19.127049129895195
19.221071325732936
19.225456413022677
19.229831874330973
19.234157856913487
19.238897770784774
19.24344959377893
19.247274894690385
19.251764461632245
19.255997419277033
19.260274798673716
19.26437186382692
19.268475146610335
19.2725882686726
19.27693513709818
19.28089564943204
19.285053858607384
19.289144364386228
19.29362925437136
19.29728664188768
19.301794815190977
19.30571306724581
19.30987990015023
19.313955663895737
19.318143599333617
19.3220574971018
19.42803377999996
19.43324188882289
19.438476086541915
19.44371688649892
19.44923475954491
19.45455107627464
19.459806820268827
19.4650923610038
19.469482535358317
19.506418621489463
19.510674859149102
19.514961351122324
19.51915135296835
19.523068018512497
19.52731709057084
19.531183604432247
19.535226214758456
19.53931567230836
19.543441207557738
19.547481181514968
19.55148592566926
19.555301010129238
19.559344320941584
19.562989501996224
19.56722867671626
19.64930431413722
19.655515300222547
19.661428861656525
19.66767086537539
19.673542853372997
19.679465595328296
19.685408163265308
19.69125215353109
19.69704586159469
19.701848013856214
19.70792788618811
19.89178583091238
19.895935316950574
19.900095342374964
19.90427922321508
19.908382005453408
19.912455885642338
19.916584025961406
19.920666797812483
19.92477885220323
19.928852163107813
19.932980473557503
19.93713525256156
19.94122660722816
19.945309648852692
19.949429624214172
19.953202213505495
19.957367190835928
19.98172131460899
20.10541604479444
20.109402029036506
20.113374925115803
20.117359933668396
20.121282699802016
20.125276080873967
20.129190738056362
20.13325274844541
20.137196702859242
20.141200735634055
20.145222302757325
20.149145305104774
20.153177022393002
20.157115527853485
20.161081895589636
20.164987841338487
20.168981667506163
20.172843650241248
20.17671986485897
20.180647648557372
20.18449562022948
20.188505319053988
20.192453040047134
20.196464053636358
20.200411629631272
20.204356073498847
20.208424011095847
20.212570192539925
20.216663338875563
20.22082217522034
20.22496708383752
20.229125631751458
20.233391431475788
20.23810396419859
20.242023437296616
20.24629874049518
20.25064939654155
20.255018129940982
20.259314929112726
20.263522849994768
20.2677031065157
20.271851255715
20.276045790422533
20.280218738123516
20.28436694409321
20.288477569493992
20.2925471135322
20.296778546632154
20.30080238617952
20.305059430343956
20.30923758411498
20.31271137432295
20.316027893006297
20.320661631081396
20.325235371738057
20.329963536632054
20.334736710494628
20.33953200007714
20.344563453775127
20.348685241491637
20.353509822124984
20.358197567127974
20.36260831590405
20.36667029831331
20.370958473974937
20.375359594886163
20.379749028508616
20.384050591889487
20.38829931295214
20.392506864045476
20.39598408647426
20.41574637926406
20.419491936798103
20.423303160640568
20.427003781934687
20.43081337838189
20.434637606844248
20.438435350152943
20.44220657160247
20.4459315071202
20.44960743093003
20.45371860209289
20.457473959913536
20.461442765777957
20.46560436652685
20.46942699055678
20.47343139462898
20.477409279746364
20.481412564278454
20.485446881593283
20.4895476470472
20.49350782307122
20.497644484526926
20.501701471659896
20.50571901978727
20.509719982632408
20.513844699936847
20.517891062585534
20.52210333797188
20.526171907321167
20.53032210676012
20.534470824508205
20.538602592277083
20.54279329770204
20.54704303242966
20.551251775416972
20.555475055142136
20.559678550776706
20.563867584590504
20.568031213032995
20.57222993292082
20.576390806706836
20.580564757474512
20.584775941907385
20.588956199925025
20.593155923631024
20.597456968833033
20.60174492121308
20.606119084627398
20.61099232603016
20.615374799066718
20.620083943108277
20.624919706925596
20.62953210682103
20.634453727263413
20.639468407906463
20.64474784576693
20.64967449842654
20.65479343459743
20.660319654077306
20.665568607521575
20.670750826937912
20.675644976834008
20.680999889522518
20.686054898654003
20.69123089039199
20.696926870439217
20.70220936536053
20.707591324932856
20.712994906078325
20.718700623014247
20.72375676220661
20.729023207965387
20.73439988021549
20.739908024224803
20.745192304005396
20.750270719291436
20.755725156717943
20.761105316244564
20.76685338831257
20.771870811131596
20.77748045517792
20.78293649413675
20.788314422783774
20.793859297191652
20.799213806888087
20.8047176063802
20.810386286779373
20.815695869220338
20.821451128224087
20.82691991989253
20.832715346047813
20.838207301368445
20.843894025354036
20.849475938318445
20.854592821510636
20.860376099853763
20.86540680585342
20.87073808828453
20.875645558098267
20.880904120371
20.886489245216303
20.891783017410926
20.89702156853978
20.902515632795826
20.908013978673015
20.913416221084255
20.91894936382369
20.92433789519911
20.92984534938526
20.93555311597053
20.94084000083952
20.946141308222735
20.95143701772542
20.95666216391313
20.962439834718385
20.96741504821174
20.97272726857027
20.97784107543109
20.98307353767159
20.988342351913797
20.99350995898074
20.998762739998547
21.004061894237935
21.00972140079291
21.014598821023686
21.019776767882444
21.024987398379672
21.04730303019953
21.051559926931493
21.055767893017006
21.060045430289666
21.064223976900852
21.068473306171192
21.07273480910849
21.077008354899302
21.081225569993542
21.086138686897172
21.184558814456423
21.189408092542628
21.19475701019841
21.199613472207336
21.204696873420893
21.21001866239931
21.215051248610408
21.219830791200216
21.245366096380167
21.248857131200158
21.252261297148937
21.25560378103469
21.258959044250922
21.262294430602605
21.266069862598275
21.27018613788811
21.356680822183897
21.36135799158669
21.36485362920135
21.369038409815495
21.37335867556751
21.377551150140384
21.381733914295978
21.385972803570688
21.39005868967659
21.394263586725973
21.398605623306427
21.40275234020318
21.410651980949012
21.41466150767315
21.41872233770284
21.42226427219975
21.426481356676373
21.43052493498274
21.434892876342456
21.43908988265889
21.443402602685584
21.448029546308582
21.451580506809595
21.45586486218703
21.459698127505842
21.464213318249985
21.468474412489442
21.472735873979037
21.477070373411983
21.48130577471607
21.486402705664027
21.489449008769085
21.493323787853928
21.49716682630702
21.50218255600812
21.50586566615619
21.510062891105452
21.514210895884396
21.51822655568363
21.521866259357342
21.525925129466945
21.53012562880448
21.534691448777405
21.53888642585343
21.543114606135244
21.5472940612023
21.55143709357005
21.555552688054195
21.559690861918746
21.563784864996233
21.567865748198884
21.57206519996604
21.575959881957864
21.58003410718547
21.584318938706886
21.58810386062569
21.592418917100215
21.59689752483354
21.601124820026776
21.60523481356335
21.609480895489583
21.613694766719476
21.617880585899186
21.622098975156437
21.626307626156944
21.63050785839067
21.634648282782205
21.63902602097433
21.642792491844336
21.646833672632415
21.651301010257352
21.655285075479014
21.659867655137937
21.663730556790583
21.667738624859396
21.672057800669748
21.67634307004348
21.680636661461453
21.68494555006387
21.689251718133484
21.693527051944077
21.69779675543593
21.70163908516769
21.70588261408008
21.71011298646604
21.714373123029358
21.718604928294916
21.72288960095361
21.727215637419157
21.73159347311703
21.735894329657995
21.740198133726075
21.744484886261507
21.748799186876735
21.753099250002013
21.757344385349132
21.761657593801075
21.765947377022936
21.770334989852344
21.77471008156291
21.779157434349127
21.783441567033485
21.787839085553408
21.792052570796194
21.796479493211645
21.80111606259848
21.805451743871043
21.809533967559712
21.813822083418618
21.818484886900805
21.822383974063648
21.827068271874893
21.831083340907007
21.835748021157862
21.83984869937197
21.844496906878753
21.848620608354818
21.853061305017448
21.857551166510728
21.861985567054084
21.8668943030491
21.87112180758851
21.8756305271867
21.880046403981925
21.884473220924928
21.88920244986817
21.893660149831845
21.897991122607596
21.90232738640469
21.906858575734162
21.91124655589706
21.915658137356285
21.919966439801982
21.924298995091505
21.92864826963026
21.933048820579508
21.937507849306343
21.9418863182011
21.946456570287776
21.951090405115654
21.95571909187228
21.960377462663722
21.965002165554935
21.96956141148766
21.974122667279406
21.978704646356476
21.983145937110518
21.987520578709976
21.99196649983802
21.99642459185574
22.00082319229818
22.00512363917299
22.00955329280555
22.01396960161945
22.018418009680154
22.022918596057
22.027436763643944
22.031782528245202
22.03622417737061
22.040558825180057
22.044840358868377
22.049146013643234
22.05340604586311
22.057796800926248
22.062176273369435
22.066776611203796
22.07093358418214
22.07522375896739
22.079647209786383
22.08401954208385
22.088549442274555
22.092928980286235
22.097301006345184
22.101490439681843
22.111370815402868
22.11545741981103
22.119800101373187
22.1241120381852
22.128455292768354
22.133443128595005
22.13687853217492
22.141240358604875
22.14555859672165
22.149882736603967
22.154095674007607
22.158264965609654
22.163235229022572
22.168023409501355
22.171888247522965
22.176337245382953
22.180805470211403
22.18514677778942
22.189462759423876
22.327240827650225
22.331114106015075
22.33493107144294
22.33874515687085
22.342621520327775
22.34640985420142
22.35100500055876
22.35490010457048
22.3587338282337
22.362562397136276
22.366080783163493
22.369919293539013
22.373786805108864
22.377644561878164
22.381582313622296
22.385465977959797
22.389431936582262
22.393424491025907
22.397378807762244
22.40139407538395
22.40533201823711
22.409301802278797
22.41334178204556
22.41742055807536
22.421496641680687
22.42547460395223
22.429545784544782
22.43338477472299
22.437628157158827
22.441635417744124
22.44567176852071
22.44972434864788
22.453804918503582
22.457312648174852
22.461081325455158
22.46517834802609
22.46919841110734
22.47330295442757
22.477322953969136
22.481405554666747
22.485418808362137
22.48946363985204
22.49359836631767
22.497714544913613
22.501865636924148
22.50607263327804
22.51029776313218
22.51455866061173
22.51887775777636
22.523227425764958
22.527509263801345
22.531857318352415
22.53610493407746
22.540453856273185
22.54478110884061
22.549140961687467
22.55345320400692
22.557759893391875
22.562032331045998
22.566334029210743
22.571166707686015
22.5749142309106
22.579688725989673
22.583426217120188
22.587879576108644
22.592256752757326
22.596676513133726
22.601140407325072
22.60633446022196
22.610220082089384
22.614662933711106
22.61931977478086
22.623721356197837
22.628190708277295
22.63261844136668
22.636959495620776
22.64135640182461
22.645657486984806
22.650033708396307
22.654367404885292
22.658255619277668
22.66214168086803
22.666353196579237
22.670877240630094
22.674923469777998
22.67925875661567
22.68342395665825
22.687488601671806
22.691726018482953
22.69593912344005
22.700283187303476
22.704509542706294
22.708817776134264
22.712884115665858
22.717217073458723
22.721460949551584
22.72559689325567
22.729730660466974
22.733965158494026
22.738194396944948
22.742527258487236
22.746892533135963
22.75126970199163
22.755708445745665
22.760275030078667
22.7647674244748
22.836767534856854
22.84135048701153
22.84615228280795
22.850838790527902
22.855199852841885
22.859564766195394
22.864003943815046
22.86832208171661
22.872705559484597
22.876759682017344
22.881144316473055
22.88550250431413
22.88984872177432
22.894252160136393
22.898519722375823
22.903337944924736
22.9079329272926
22.912268836864634
22.917254746385368
22.922095568443112
22.926765006081467
22.931348715966642
22.936088223948445
22.94082081096232
22.945309332271464
22.95020231326077
22.95439585659496
22.95890122336061
22.96324502495482
22.967622116883174
22.971943821147025
22.975441677909576
22.981790380128057
22.984770909747663
23.003658185415805
23.009864611094834
23.015941356630346
23.022300203713673
23.076340571717246
23.080913563588553
23.08493353475166
23.089484937056085
23.093895037377088
23.097958538481844
23.10229766455059
23.10658115290472
23.111164071462326
23.114978023379198
23.11945276897442
23.127546658804008
23.131429146699276
23.135660846898794
23.13992290887288
23.143973206233518
23.14816333711028
23.152381360916824
23.156569335687234
23.16075766801448
23.165071109328565
23.169371427178177
23.173748628749305
23.17814581147602
23.182548600058475
23.18761209526112
23.217299072903803
23.222116242549507
23.226819897097503
23.231361293383483
23.2359577764096
23.240570148391033
23.245228519264202
23.25002261188914
23.254806341970927
23.25977189133879
23.2646548505041
23.367888605757113
23.37303933668843
23.378981590688742
23.38433807961504
23.390030969358016
23.395522973077103
23.400891974649248
23.406306566517806
23.411932936768714
23.41688331783079
23.421866788542477
23.426821646432206
23.431686697428358
23.436347389065784
23.441225452300433
23.44687046956669
23.451015590371384
23.455574794534208
23.459955407649346
23.464362272573027
23.469028833835996
23.47347374458094
23.47814929053328
23.482535235605273
23.487066671039646
23.49165246106118
23.496058441448238
23.500648829428467
23.50504854640596
23.509242850019124
23.513772171842387
23.518290936746222
23.522675390963705
23.527209529350696
23.531877271277413
23.53619028979826
23.540700072600377
23.54510327136048
23.55038858871177
23.55341701797958
23.557890172677837
23.562381754167752
23.565975301075095
23.570067045443164
23.574168137366723
23.578546314548063
23.582991072370238
23.58724811204022
23.591875954121136
23.596178040297676
23.600346832442007
23.605078400860748
23.60929415656252
23.61369737224316
23.618236385191608
23.622528779245034
23.627052296770295
23.63161218002609
23.636181539897986
23.640691491977407
23.645064499608562
23.649575760220884
23.654018662249396
23.658574404850643
23.663239992855306
23.667538953606797
23.672084268509774
23.67639684957705
23.68081493232231
23.685316672085435
23.689769177743607
23.694168429695875
23.698688934856843
23.703402686264212
23.707923920124347
23.712180462386787
23.716694189974167
23.721365338606546
23.725949427521343
23.730284675650406
23.735137599055506
23.73946249120796
23.744252335450085
23.74857993401329
23.753377177095448
23.757545400398456
23.762040542952448
23.766458651003234
23.770889867765483
23.775369318792084
23.77981161707848
23.784326514375767
23.788733688545488
23.79301734041947
23.79739815014176
23.80179787670069
23.80625923880166
23.81076479839905
23.81511265564559
23.81959698562228
23.824113200197953
23.82873939173599
23.833381593416313
23.837842249041433
23.841973129727588
23.846747257322303
23.85119150851328
23.872891344800507
23.891005541354417
24.176771407428532
24.181632180408112
24.1867472615851
24.191384789714235
24.196570948165967
26.19663890821229
26.201493297360877
26.206088102975873
26.21082462122076
26.21542318307346
26.21994036556709
26.22442423395564
26.228863176548305
26.233237786886004
26.23760827948601
26.24177312154731
26.24606448116334
26.250330473544874
26.254601422312962
26.258864435149786
26.263108885463215
26.267392768947314
26.271559021724013
26.27565519186237
26.280063917908976
26.284305282532994
26.288500859455137
26.292780945601674
26.297006364609423
26.30116259406548
26.305547059778316
26.30993019100783
26.314091281332317
26.31854621173781
26.322949203837947
26.327291451192195
26.331647457109387
26.335977108771267
26.340062954132602
26.344475355123112
26.34870739697487
26.352935747006814
26.357165380200673
26.36141835525805
26.365666738134856
26.36994974696906
26.374211081494366
26.37848239784476
26.382765387908695
26.387058788896194
26.39136202487819
26.395656760109784
26.399983816313778
26.404300563240547
26.408595545776738
26.412923651891703
26.417239136762213
26.421587274182944
26.425974012733214
26.430376318406203
26.434784217594586
26.439162452522392
26.44352101344029
26.44785665163299
26.452189333657348
26.456513112508684
26.460811439958356
26.46513392166167
26.46947279152441
26.473841920722087
26.478205072035365
26.48256676179191
26.48695262900279
26.49132746857595
26.495721419931446
26.500105999283292
26.504510554413596
26.508944965977882
26.513405205299318
26.51787431292515
26.522363291769086
26.52683227128502
26.531320560227176
26.535785395852855
26.540259320101953
26.544737210752285
26.54920630096727
26.553665560444074
26.558169718275426
26.56267147208412
26.567370694998477
26.57188289848876
26.576293342206345
26.580728537536487
26.585231477854634
26.589755497357793
26.5943102802679
26.598879982580865
26.603477206791364
26.60810387571267
26.612747017190685
26.617406385623237
26.622099274377447
26.626767800259458
26.63146036188514
26.636167818859487
26.64086639328488
26.64555765025006
26.65019435584127
26.654794596707276
26.65939179306122
26.663954352171324
26.668526298686306
26.673103238567233
26.67767527045014
26.682272420841837
26.686794239802175
26.691183559608763
26.6956954103183
26.700236184528805
26.704675254905222
26.7091499377734
26.713680125533138
26.718105726163607
26.72260097541217
26.726990915089246
26.73146172270749
26.735917307264977
26.740370690469234
26.744832989018125
26.74930780455645
26.753811366865587
26.758248168157067
26.762756361540823
26.76720890215573
26.77164135297067
26.776130465194804
26.78045337400777
26.784977839652278
26.789395967802545
26.79380828403593
26.798204374249615
26.80256886379832
26.80709415009204
26.811544460423967
26.81603937634406
26.82055237987821
26.824995703798642
26.829474631611834
26.83396317725832
26.83845737446658
26.842953513741833
26.847482639320848
26.852004707423355
26.85656402422641
26.861133533806
26.86573909474504
26.870390121776566
26.874969457292153
26.879528372248647
26.884224840979293
26.888760891793506
26.893273923342242
26.89782997251751
26.902390856253326
26.906882450930244
26.91135524391833
26.915837206038955
26.920336462361252
26.924818537324686
26.92929911264228
26.933789283668055
26.938264355504945
26.94273025036745
26.947217395978697
26.95170541328476
26.956181550560572
26.960632578716506
26.96507565453798
26.969502398101827
26.973960697588797
26.978397709563477
26.982876021264552
26.98734055611376
26.99181901413041
26.99629680534524
27.000785954117703
27.00521518233315
27.00966413620298
27.014106340957106
27.018556294643965
27.023023209579858
27.027492498350867
27.031954836390522
27.036524624837124
27.04095331981652
27.045517618004727
27.050050331478584
27.054571931431564
27.05913911719694
27.063541669445748
27.068143947678912
27.072766342343787
27.077373767254063
27.081958492494593
27.08672376792796
27.09129505856914
27.095853604508637
27.100214747794375
27.104747732315044
27.10945299796017
27.113943960937537
27.118406886472
27.122686638055242
27.127276187899476
27.13187866434187
27.136142036255816
27.14083861370369
27.14526110949182
27.149849195681362
27.154411057454592
27.158944750208587
27.16357890417847
27.168158461951645
27.17280982528499
27.17745717191883
27.182132620539516
27.18677357607947
27.19141141823926
27.196038378384785
27.20071294375854
27.205370762860326
27.210025279120384
27.214712715478118
27.219412815558304
27.224106012356884
27.228814027928244
27.233552897465003
27.238296409885375
27.24310828816854
27.248000050872154
27.25294163556569
27.2582179222152
27.262974381284252
27.267990244085087
27.272988348152303
27.278027291081237
27.283030069204607
27.287969264932368
27.292955849186534
27.297888687602693
27.30285130805084
27.307815600276562
27.31277502834845
27.31769262864489
27.322636351758486
27.327551026675323
27.332518568666885
27.337403183982662
27.34258483952442
27.34751169206901
27.352447823831
27.357394990101877
27.362372976138634
27.367379616481383
27.370749478598427
27.37413966338901
27.37749312057475
27.380903838338067
27.384345643276536
27.38772521846425
27.391145846276157
27.39458777948089
27.398103176645293
27.401528517169048
27.40500760577516
27.408442149608245
27.411934510455996
27.4154140158046
27.41890430887978
27.42241773811785
27.425905031766668
27.429425742557253
27.43296219688646
27.43648929449655
27.43999027680178
27.443501753760696
27.447020524905927
27.45053711521731
27.454051057657026
27.45756405644264
27.46107555347948
27.464554190883582
27.46805263945516
27.471546324142125
27.47505136994591
27.478571220299433
27.4820956910311
27.485619859979053
27.489175954162697
27.492725237474797
27.49628279307037
27.499847167552023
27.503430519168948
27.506986003045984
27.51054422898567
27.514078307247395
27.51762200769544
27.521142995590125
27.524661637994967
27.528164188599188
27.53167534225739
27.535198144932068
27.53871725766504
27.542221703907817
27.54573260211087
27.549234017659984
27.552750707969256
27.556240992770547
27.55975238537985
27.563266110337295
27.56679018836753
27.570338566598583
27.573905154276073
27.57749842917587
27.581111305977846
27.584767106470522
27.588454257693556
27.592200254409338
27.595959509001
27.599719714850682
27.603421422483795
27.60723307574494
27.610971179536712
27.61469822377667
27.61843178057464
27.62219191309768
27.62593408097464
27.629702651503813
27.633487068701964
27.63725236443186
27.64099981649529
27.64473854590506
27.648487847858906
27.652248094110536
27.656005852469814
27.659807161665864
27.663610819352915
27.66739652485207
27.671157188995828
27.6749126799022
27.67863921984803
27.682380503238456
27.686147016126554
27.68992708370441
27.69371441890921
27.697532292960464
27.701313831468344
27.705108441867004
27.708899549529818
27.712679776821254
27.7165071913931
27.72029808213917
27.724119765605888
27.727872382965185
27.731655800568383
27.735418104423445
27.739170233946016
27.74290294882617
27.746640812380175
27.75039089471923
27.75407949780276
27.75778620319073
27.76148756600091
27.765177310281057
27.768886609783245
27.772584513174973
27.77632946024477
27.78001249342356
27.783722460171752
27.787432904630183
27.79116139109336
27.794905425338797
27.798669449318503
27.80244387330463
27.80620027780398
27.809974742086247
27.81375114922521
27.817416460051263
27.821211791600902
27.824979645542957
27.828690740419212
27.83322836032918
27.836357733852033
27.840946699708365
27.846809376187824
27.854729106272508
27.86650312345971
27.87627681992959
27.887980428583738
27.896934637583236
27.90729481753987
27.916543614888273
27.926729864515938
27.9362231907557
27.947946193855874
27.95963097675133
27.971655482050625
27.9846665863237
27.999044473999174
28.006303993267412
28.01273642599326
28.01774985219645
28.02339993180433
28.027197075328345
28.031018083661408
28.035509008504203
28.039446145503813
28.04337992050043
28.04735633668607
28.05140613679932
28.055454965193846
28.05948297600194
28.063547557255387
28.067656261029953
28.07171624266145
28.075719819256253
28.079732395803518
28.083686242678315
28.086936809291963
28.091510988836088
28.094724606187796
28.099224180861142
28.102295210717504
28.10615800968422
28.109941860086934
28.1137595695622
28.117522652438765
28.12130289865406
28.124998508683614
28.128700309037804
28.132375821527727
28.136063930319214
28.139736704509815
28.143420367263854
28.147089703628804
28.150779876228917
28.15449912092814
28.158169867368745
28.16193194926247
28.165639784120998
28.169396497566623
28.17309537184306
28.17686575314614
28.180583470892824
28.184257180208792
28.187710448195542
28.191713469289915
28.19540997621896
28.199216838709734
28.2029716706649
28.20661925492206
28.21045267849307
28.214229214665615
28.221732137584603
28.226416612241454
28.22966504303555
28.233283373584126
28.237198673356932
28.241188784636574
28.245266010177364
28.248949397831893
28.253168452289913
28.25693664203782
28.26192052012969
28.266120652274378
28.270020986044
28.27415909615453
28.278543600157192
28.282636842919203
28.28642350909105
28.290678535613083
28.29549506047903
28.299778831186977
28.303653393625158
28.308617547906742
28.3128665997248
28.31745623772283
28.32184034450683
28.32583908566213
28.330056442384578
28.33495806488174
28.33902771058116
28.342800099731466
28.34746798810675
28.35244416348022
28.357654923354577
28.36936723691195
28.38212118362609
28.396600541415467
28.41132556911979
28.42860010646345
28.44421177370495
28.460255049140088
28.475922633293216
28.491946856487953
28.50539641994317
28.520863108752224
28.544393008270855
28.558643295782865
28.573082368229027
28.587026569134924
28.60102878995157
28.616984614920586
28.632647612459422
28.648286349977692
28.661945210606184
28.677405673196123
28.691196630035705
28.705139608886487
28.719287067522274
28.73362890836792
28.74810612810556
28.76257702955761
28.777088523464094
28.791524047453503
28.805794825945352
28.820056937455078
28.836071133182532
28.85218538630138
28.87028992703814
28.878213216111423
28.882255050603828
28.886289727504256
28.89043772432073
28.894429495873847
28.89847782312255
28.902613450124857
28.90673653362746
28.910978555943895
28.915089249650435
28.919255598165133
28.923420872637536
28.927630525057527
28.931915313647746
28.936180158293816
28.94045095314876
28.94471998067705
28.949022398476743
28.95333714810015
28.957637626842462
28.961934710196317
28.966231763536115
28.970557601590365
28.97490428493097
28.979249462043114
28.98363586242283
28.988001519081074
28.992403385341156
28.996811760221224
29.001237500217243
29.005649229104765
29.010071161737397
29.014493590343996
29.018933982087255
29.023384720626314
29.027831605342833
29.032298987701193
29.036783306601166
29.041240445742172
29.045701805314792
29.050182525250086
29.05465839896082
29.05914472847079
29.06364035917903
29.068110627373244
29.072558959152232
29.07701240447792
29.081469073350846
29.0859135223858
29.090372966541022
29.094857712042366
29.099351358501284
29.103850612206042
29.108354316455703
29.112877700396485
29.11743027411624
29.121971805335402
29.126442187829877
29.130926214942935
29.135526698428993
29.139958189119884
29.14439084046865
29.148821419650748
29.153064061575265
29.157713497534413
29.1622026918809
29.166630594750988
29.171300009837278
29.175514266958146
29.179984961750595
29.18436625443764
29.188940476279395
29.19317930524694
29.197529470479488
29.201872407203755
29.206306925316134
29.210736789595668
29.215209206332755
29.21986476150679
29.224579429072335
29.22939245381688
29.234089644385183
29.238885292498423
29.243682983852153
29.24851450419199
29.25322085862054
29.257995538278738
29.262816698789745
29.26758064333524
29.272285246435555
29.276908064458507
29.281529624954636
29.28614034381863
29.290734906370396
29.295191830920096
29.29970765637867
29.304219230290514
29.308624916642533
29.31303517585836
29.317452496350985
29.321815131200776
29.326050563113107
29.33040082101231
29.33488339686107
29.338909286390628
29.34321710144565
29.34753200938415
29.35188228808071
29.355654897297793
29.36001853929323
29.364629725081954
29.369450956123394
29.37373227109029
29.378137272528754
29.381026493445212
29.386381643173557
29.390772685521554
29.394081682449848
29.399212266779532
29.40375279781043
29.408389523804683
29.412639832819366
29.417004322505445
29.421488514408438
29.426159684197163
29.43063041078146
29.435516333758475
29.439886029671484
29.444444495506925
29.448514016017658
29.45337767385307
29.45784546960196
29.461967197815003
29.46666028941852
29.471044262568398
29.475050296843413
29.479829965481375
29.48415637181365
29.488357870139648
29.492672845804993
29.496849502848967
29.501053865940776
29.5054777555506
29.51047992025045
29.51506956997827
