File type = "ooTextFile"
Object class = "PointProcess"

0
30.722108843537416
922
0.30306393571921525
0.3712753259366207
0.38183456361267915
0.3906652490181041
0.3993887259790225
0.4072498330163835
0.4155762611910894
0.4246580272815253
0.4334450296247531
0.4441504523291614
0.45301619695497247
0.46025777219100206
0.4686767206121414
0.6218330227413905
0.6309508522510128
0.639473456331446
0.6510358688930118
0.6600041792872867
0.66932576297037
0.6781223008466368
0.686946170922667
0.6958059475339083
0.7057485658080896
0.714825600801068
0.7241691401040995
0.7350721552128748
0.7446333384975798
0.7538299319727891
0.7628048881890419
0.7718284972326193
0.7777993654578197
0.7903566807157646
0.7986689042604221
0.8072648188082449
0.8137145134240537
1.2241092766694692
1.2241092766694692
1.2248339771419456
1.2568213384323839
1.2618430854439608
1.2682845688521054
1.274791186899342
1.282205829554044
1.2893100650150398
1.296635105965463
1.303782865991925
1.3102465657570066
1.31673887750151
1.323125868862879
1.328596076111604
1.335396052566977
1.3429310975852329
1.3484305544079982
1.3546327040179367
1.3607679209445156
1.3666402234875141
1.3733846872082165
1.3788231292517008
2.991711968845509
3.010815416598282
3.067765419665689
3.0737143061838577
3.0782888770720813
3.0830890184645283
3.087855619956197
3.0921861716636405
3.356684231550997
3.36174542436022
3.3668301074761824
3.3717455102793448
3.3768815242590504
3.382058243613203
3.386986114910665
3.3978095422190524
3.402660231417995
3.4076925863520775
3.412291929677968
3.4173518211112195
3.4227452653901067
3.4290111660163958
3.4331231721338673
3.4376990640045384
3.4420813812946562
3.4464958063092124
3.451336893320019
3.4561132743695766
3.461521132897603
3.465883677974501
3.4700684381783984
3.479348989595838
3.483577385332352
3.4877397242421875
3.50160980072195
3.5081279101971576
3.5131779430609584
3.5150062330890486
3.5200948443249556
3.5238182942063596
4.280316345117281
4.285890773582602
4.291436005659608
4.296925489554356
4.302446189069943
4.307831161181062
4.313230889989131
4.318647135373032
4.323765478159576
4.32974826496255
4.335514044574195
4.341653184300036
4.690212128740653
4.697873273499096
4.705034909275207
4.71147506721987
4.718832245226857
4.724462903618748
4.728591773527064
4.73291061164222
4.737150179914574
4.742185404627801
4.7466866150454035
4.751200095007138
4.756027811595025
4.761093820072133
4.76544065886017
4.770872804373804
4.776663931180938
4.780892475979797
5.833911651952181
5.838030177423419
5.842231307534051
5.846716220287649
5.8516830957436055
5.856485077122636
5.860667200481802
5.865140328928507
5.8697142017300745
5.87410027875269
5.8785247835151955
5.883098758155488
5.88774633275139
5.892328361063301
5.896631913635019
5.901299319727891
5.90528167450282
5.910165751098208
5.913951337409059
6.23078939909297
6.235116117300382
6.239712139889512
6.249462731329091
6.254470085470085
6.259139623062339
6.263460935889507
6.273152337240117
6.277972966964564
6.282697332901415
6.287560761393759
6.2923616632800305
6.296946231946231
6.301703190181925
6.306181405895691
6.310423710402325
6.315476300552584
6.319883804026661
6.324294816518156
6.328860372431801
6.333368509797081
6.33824937496366
6.342700332337521
6.347412528874479
6.351881330309901
6.356541663078733
6.3611083110707165
6.3657570689417575
6.370311831026116
6.375344028158527
6.379476740191026
6.383566544566545
6.5315619742520665
6.535577195345144
6.541048803905947
6.544314446275404
6.550570841431811
6.553287131519274
6.557765957446809
6.565988343253968
9.089358570588729
9.093807779522066
9.098112522626726
9.101733907719824
9.107100664075153
9.111751939179124
9.11795297484073
9.122318927571028
9.150891820142691
9.158031467853561
9.1629817431246
9.16911468542219
9.175088719490947
9.18122140714965
9.187875821388412
9.19558725691899
9.201259647281267
9.207905893314699
9.21458170147274
9.222218966511877
9.229783040924096
9.236567592439918
9.242210213601979
9.25075692903424
9.259218156595972
9.265722524854983
9.272401710806333
9.280027971973102
9.391285273368606
9.904348307370284
9.92231397320833
9.936943692529171
9.953500847082129
9.970362811791382
10.063551156253592
10.067003071270703
10.070563825144143
10.074526302667664
10.078961558761437
10.082450621627961
10.085908090895932
10.08988220950863
10.093876984126982
10.09831373227257
10.102686424388418
10.106597334377396
10.11071309974478
10.114629004755056
10.119022023349169
10.122741496598639
10.125890180839834
10.623600907029479
10.62744778281683
10.631306279498434
10.635319238806634
10.639253789768741
10.6429192660167
10.647193877551022
10.655194027811927
10.898698893698894
10.916238506744854
10.934174889982344
10.95143256618497
10.96846301525841
10.986147773751243
11.005516706202174
11.12827088411122
11.13173316573006
11.136353763195867
11.140790443667507
11.14523706452278
11.149870115695263
11.15449825769204
11.159014109347442
11.163494454751596
11.168038168104973
11.17243868829583
11.176726858765186
11.18145252954563
11.18619538435865
11.19069501133787
11.194818193270574
11.199425291152059
11.20411700680272
11.20816877998365
11.212405708191977
11.485943040269404
11.489112839855414
11.493154530519691
11.498063509506366
11.503237171411776
11.507660594050227
11.5106756394314
11.51532907839942
11.519327271764737
11.52413907965732
11.528864226375909
11.533021993110971
11.5377583574684
11.541971715553043
11.545372772161825
11.5501797536435
11.553253276920524
11.557812590257422
11.562659756816112
11.567356993577263
11.571961685653587
11.780480720504906
11.785074708763913
11.789451418968659
11.794986589230287
11.836007563651858
11.840035108740466
11.843468750362154
11.847877464002908
11.852251098008784
11.856504206540329
11.861351489141517
11.866031846791476
11.870303639704057
11.875584203146907
11.879580130155043
11.8843419833828
11.985262838888175
11.990096474025046
11.994892693601804
11.99938907270225
12.003199767711962
12.037188494926589
12.054654176301984
12.071752944410086
12.088988410178887
12.1060494765282
12.298584541328902
12.306131690412014
12.31288442725386
12.319754120553695
12.326797178130512
12.332909014260053
12.34037010439746
12.347557313063776
12.354651683939796
12.46179091080877
12.480096686822877
12.496749728877058
12.513725836375606
12.530835810052176
12.547787810567872
12.551563234700833
12.55673073150829
12.56002357378595
12.564790582899827
12.568854558140272
12.571939112278576
12.576553820633398
12.580255225816673
12.584004799330735
12.58755584666299
12.591375030127741
12.595365820127386
12.599297713325791
12.6031254943838
12.60670945318018
12.610748164878599
12.614489653124053
12.618460905144454
12.622056755069176
12.62572381755062
12.629903797534338
12.64079288689471
12.644754528317351
12.743133232759222
12.747545525116955
12.752148645562832
12.756668568993593
12.761347304513203
12.765671269502826
12.77034394469762
12.774713026287507
12.779242259985002
12.783721721246637
12.788480661927693
12.792968890480168
12.79752957563978
12.802067346938776
12.806695160085415
12.811399347617836
12.815944595616024
12.820613818481128
12.825088208171284
12.829826634301897
12.834316443508621
12.838909996431005
12.84378076327056
12.848362973362974
12.853198749096707
12.857703711919552
12.863919218883051
12.868496140407624
12.8730672628602
12.877609380594343
12.88231439006281
12.886946906327701
12.891600241395787
12.896070368861398
12.900596050551192
12.905253117913832
12.90971629450639
12.914308787068654
12.918784538205527
12.9234065141208
12.927946109611671
12.932591207049644
12.937128810568595
12.941930757369615
12.946730619569497
12.95110222253826
12.955340881266435
12.959874456561494
12.96452001853373
12.969204260272512
12.97356823199177
12.97869698125071
13.021103539720974
13.040859873200981
13.057893806873398
13.075314682850594
13.092278002026076
14.635584386135406
14.643153148021568
14.652986297188846
14.719878157034456
14.723452669203274
14.727760608074648
14.731464335350115
14.735149668215968
14.738273201887115
14.74191216135577
14.745344423830138
14.749074544103356
14.752906596242834
14.756771284271284
14.760335083308686
14.763429292534383
14.766880046136102
14.770218041865274
14.822405372405374
14.828297354497355
14.8342279149422
14.839876206296472
14.845543599257885
14.851309523809524
15.065641484664042
15.071197377501726
15.076540890499503
15.082897220903865
15.088760874046589
15.094683575629913
15.24668510394812
15.26065614457165
15.276985709012287
15.294784194857082
15.315656897462182
15.333819415060017
15.354098352090451
15.372454826794451
15.392946403995124
15.41322236919459
15.426522987824631
15.431364135716398
15.43595880279195
15.441048349351602
15.44612129380054
15.49403295575351
15.4975950848808
15.502061480124409
15.50682748704696
15.510682294827163
15.51479852103443
15.519442683222156
15.52392080934938
15.528370955056635
15.532835685238283
15.53782048476227
15.542532251352476
15.546943114694438
15.551385281385281
15.55586999535979
15.560610121551566
15.564986610517222
15.569585192778277
15.574990912395492
15.57877226409236
15.585415757497968
15.587984006908941
15.592531661963383
15.596744913928012
15.601308765544434
15.605974164683127
15.610610485260771
15.615957866394712
15.62097457024614
15.624701292051522
15.628726350591128
15.633601210664702
15.63727168230132
15.641578149332023
15.645687922143948
15.650423318987459
15.654917000988428
15.658533652288755
15.662957871515092
15.667441351622617
15.67202101736217
15.675722798171451
15.680314636263518
15.683443735703237
15.776509855910868
15.78096405147226
15.785944483056381
15.789479172757929
15.794462773491881
15.798449483497103
15.803476667860128
15.807892242465313
15.813698539922019
15.818267340581091
15.821476811471477
15.82612593330015
15.830830002103935
15.83514172335601
15.83990628643171
15.844752311180883
15.850295877387099
15.855119603396915
15.860120507799078
15.865562442260856
15.923689993347498
15.927901523774231
15.931972445543874
15.936503171316836
15.940193263416477
15.943070835213693
15.947161753590326
15.951670874956589
15.955760860699195
15.960194844513646
15.96498918413283
15.968841491067971
15.972984191105748
15.976679588360046
15.981186005933905
15.985036496032473
15.98901051706484
15.993291761148903
15.997476741475406
16.0016076718524
16.005822491329077
16.010024177581485
16.014040507721827
16.01746166485918
16.02103445596165
16.026011872913962
16.030975932797364
16.034957433265706
16.04041884280594
16.045218366065825
16.048689144963177
16.052998782159765
16.320408402150704
16.32492032545028
16.329485786184396
16.333792835486257
16.338420317460322
16.34255282941872
16.347415381889068
16.35255511728501
16.356735076052896
16.359906481110965
16.36450978569104
16.368939535064232
16.373181165767555
16.377688592497368
16.382361321282023
16.386561900528395
16.391613968536532
16.39462648022172
16.462888464980455
16.483334750566897
16.500916671964738
16.51867656716603
16.57379293866307
16.586687438719917
17.020530207321027
17.03825311341468
17.058427801309204
17.154974817997378
17.172198390683135
17.302414685461816
17.319847244127942
17.33741727460215
17.354518869869278
17.877225491747087
17.89171873235611
17.906627018154204
18.09630627114234
18.10403576263633
18.111198314716837
18.119251170553696
18.12700234182061
18.134540360547796
18.142230641431492
18.14957784399343
18.156189080760512
18.72930275794757
18.733812806976072
18.73790739299956
18.742479969765686
18.74689373284982
18.75145723207316
18.75536683027642
18.759907451352635
18.76424917570632
19.384033335754232
19.401054401107444
21.106189078371077
21.110773386735648
21.11526537674933
21.119601769153117
21.124477508706835
21.129105233358285
21.1338424744898
21.138097300193003
21.142688011982163
21.147180598381453
21.151660725528906
21.156269097161033
21.160868616884787
21.16538528275047
21.16958987627486
21.175246221521515
22.03363923711561
22.03816351126408
22.04364725355684
22.04867066298467
22.054172411467686
22.05898045450064
22.066826690154276
22.07435202815248
22.08180473372781
22.089478468273395
22.13597147396741
22.140451027349716
22.144831573623495
22.149242554387303
22.15351370851371
22.158938363224078
22.164454870251387
22.170430488346543
22.17444859607773
22.180041125471906
22.18558939978108
22.189901735783284
22.194359447072152
22.19874004833077
22.204124746961366
22.209517586879713
22.21412623904141
22.22285487126293
22.228466006285558
22.233077999230883
22.237629046539254
22.24164522618386
22.245815100815104
22.25021419076662
22.25454269170981
22.258974738926394
22.263538924540548
22.268035016866044
22.272486146776593
22.276999307280594
22.28142766780898
22.28582768248182
22.290572114116966
22.294995813710102
22.299685506221607
22.304117186729766
22.30860201759885
22.31290102157702
22.3172694390524
22.321852503453492
22.326590866727113
22.331362553460206
22.33514567443139
22.34057912676748
22.345083017547065
22.35043093810951
22.35524499078384
22.3598142612571
22.364528344671204
22.368259903961587
22.374030216737857
22.378803327903935
22.38341560069004
22.38728108432688
22.391817254866154
22.396069045975878
22.401713211600434
23.187037515428116
23.191233288338257
23.1958892307847
23.200444297199404
23.205251670758187
23.20921451033803
23.213898485537243
23.21894092881868
23.22292039865112
23.228010398075583
23.232314306064307
23.237282428273215
23.242291500371312
23.246365568954857
23.25092085235921
23.25565471784569
23.260335707690277
23.26311015017549
23.267211599354457
23.271898710404407
23.49760638577334
23.512727793355374
23.879261183261185
23.89671654066698
23.914023397237685
23.93141428020804
23.94868076317576
23.965942430703628
23.98708994708995
24.004148066940274
24.095335820976032
24.101261282435615
24.10455439729849
24.108930285292413
24.113217282150956
24.118939969733454
24.12748208095499
24.13222434191068
24.136735814829077
24.140611500074485
24.145439852518997
24.150069729089665
24.15442795585455
24.160128257695774
24.164547319310866
24.16897615976112
24.173650761070714
24.17730466538594
24.18190088495921
24.18626516641412
24.191770034843206
24.196637100360725
24.20079326189579
24.205254580359753
24.209554251844686
24.214368680805656
24.218780375580657
24.223215427513765
24.2277688454477
24.232220581377277
24.23670080472731
24.24143642837252
24.246208300136875
24.250767573696148
24.255660412313073
24.259619619810543
24.26365007606418
24.269199638318465
24.272646923229498
24.277957630540804
24.28291436278945
24.287331785278216
24.291847686357595
24.295689613486754
24.30063844732409
24.305857226841354
24.310611581358586
24.315170118869673
24.319734215067168
24.324062282012957
24.32866450247096
24.333205228451536
24.337889187192523
24.342189865602567
24.347010882294654
24.351575274677092
24.355767178189105
24.360441001091797
24.36504241148749
25.20327725684869
25.21895534139582
25.235016403724615
25.251683919944792
25.26774049138556
25.285732142857142
25.30247107882701
25.317404383975813
25.334708994708997
25.351138391151007
25.366504503209736
25.384175535054208
25.399510710433045
25.415762175516974
25.431936602116885
25.448214438928726
25.464719492735366
25.61219653847934
25.62601284958428
25.63980725623583
25.653708022891696
25.66805418126847
25.681610151753013
25.69590702947846
25.710290859933718
25.725302285016575
25.740112433862436
25.75506478781989
25.769759462759467
25.7864517510708
25.87815633852325
25.893441417176007
25.910370286618804
26.048324329731894
26.061717985439792
26.07536259786934
26.08858803045028
26.102505483067546
26.115399376417237
26.12980588194874
26.143725467198376
26.15961707263551
26.172817696523058
26.188149884578458
26.45388438708817
26.47394743788168
26.52604722468698
26.529562688421475
26.5330954048286
26.53726716141002
26.541020485291625
26.543951023979147
26.67045376329284
26.687280120937267
26.702700178609273
26.719894172803585
26.736032371123354
26.752729297214707
26.769702822827487
26.786778365232106
26.804022511995317
26.82150569813047
26.838081082400347
27.721306350632496
27.73842347237815
27.755761600282046
27.773124614342123
27.79040439705294
27.80802702191988
27.824856605455288
27.842610654901463
27.863048929839167
27.888165404526593
27.905772142520377
27.92372557533652
27.941142807765207
27.958320375769357
27.97570214279006
27.99220476844584
28.009428425804575
28.027021989789752
28.03571993602114
28.044028399583958
28.052750165672634
28.062240287877604
28.070544082482513
28.078800301759486
28.088591126686367
28.096355719592804
28.105618887504114
28.11459251218218
28.276809523809526
28.294068120398848
28.308366780045354
28.57831570723528
28.59540442550647
28.82886755491151
28.846566785444338
28.86377354863514
28.934664243916846
28.954175895512122
28.973770446690008
28.993252032162587
29.404177872289406
29.409478438535483
29.414196122490132
29.419194497648036
29.425220588548118
29.430177461876063
29.435768570054286
29.440723270440255
29.44572273670018
29.450990646258507
29.456057385075244
29.46122551502871
29.466190959257556
29.471912765106048
29.476961670973303
29.48181282274073
29.486133354929276
29.491001190927303
29.496085531773687
29.502139390528395
29.507378123271998
29.564497157071784
29.576825751987545
30.16326561049476
30.186808519845602
30.201408130162044
30.21392126480222
30.225211242391694
30.233613687899403
30.327643411974723
30.34692173555582
30.365813014344315
30.384856150793652
30.403287981859414
30.421505524195496
