File type = "ooTextFile"
Object class = "PointProcess"

0
15.155396825396826
918
1.0610050731515106
1.0610050731515106
1.0610050731515106
1.0610050731515106
1.0610050731515106
1.0610050731515106
1.0610050731515106
1.0610050731515106
1.067784663484405
1.1163462528737917
1.1163462528737917
1.1163462528737917
1.1163462528737917
1.1163462528737917
1.1163462528737917
1.1163462528737917
1.1163462528737917
1.1163462528737917
1.1163462528737917
1.117977180977854
2.3442976125449713
2.354102924458924
2.36350630944753
2.371440634341173
2.3824057547836928
2.3931959919743644
2.4032605543206125
2.413965778339877
2.4245063113457475
2.43532556003293
2.446164586735351
2.4568683762613346
2.467562565796901
2.4783403202566854
2.4890029136599154
2.499773918941084
2.510656310366139
2.5213999361874917
2.5320707789673893
2.5425356536823522
2.5530654366907077
2.563616740517445
2.5739605100820984
2.584346998948055
2.5945339070105122
2.604810341356757
2.615041451129517
2.6253420620163848
2.635763166315899
2.6462648268308846
2.656976084162602
2.667658934979403
2.6786514409811546
2.689396765768247
2.700180507271994
2.7107906419524075
2.7213427460117177
2.7319504874895553
2.7423430221077525
2.7527139823122155
2.763123558111887
2.773507189697684
2.783858735328375
2.794160289460668
2.804614191789581
2.815033159166758
2.825750149554576
2.836405155474193
2.84703661795925
2.8577931440617412
2.8683408170641647
2.878980774532927
2.8894755918287673
2.8999497421271125
2.910623870936893
2.9213163739463335
2.9322093096904607
2.9429729864325758
2.953955267654684
2.9647388665623042
2.975551201312925
2.9863694735856656
2.99720398928591
3.007910742365175
3.018605210234828
3.02938845004931
3.0401148069105504
3.050836703219832
3.0612887871343566
3.071724634952538
3.082249739141639
3.0927311331937837
3.103310966788694
3.113931659541088
3.124477111524817
3.135184263828247
3.145705084179329
3.156316695935755
3.1668664578004937
3.177540703364047
3.188226504190683
3.1988242670833817
3.2095509202988746
3.2202033426649437
3.230913813135983
3.241648401958384
3.2524556070854485
3.2631160138043604
3.273748536478976
3.2844207286974303
3.295117689575117
3.305759624990124
3.3164622722015333
3.3271702338713713
3.33784714358385
3.3485499505391374
3.359228205111746
3.3699772264681793
3.380642268346905
3.3913271327744234
3.401992372563496
3.412742960949157
3.4235732612100485
3.4343991234230904
3.44535454450577
3.4561681851840427
3.4670279941952034
3.4779949415987335
3.488882300217216
3.499660625033338
3.510475132122851
3.5212505766160325
3.5320110938966307
3.5427757237825306
3.5535742111474597
3.564460569800825
3.5751889311135066
3.5861276787628897
3.597052396253086
3.6078108819581383
3.6186311647534914
3.629294422331539
3.6402029993749396
3.651014152831827
3.6617885212204424
3.6725595258864367
3.6833972500227103
3.694166638485345
3.705078878202138
3.71587800222101
3.726590293827635
3.7372976013640633
3.7480013180122174
3.758568404652361
3.7692878500350635
3.779993291099392
3.790522342852474
3.801296105581014
3.8119417218718605
3.822697640378674
3.8335036512714216
3.844249661784865
3.8549883560578264
3.865565970319325
3.8763068876399913
3.88699267865793
3.8978843705280815
3.908489154211028
3.9193448431529445
3.9301017785144463
3.940886089892971
3.9516606238123666
3.962510852725696
3.9733938198642016
3.9842188047252285
3.9950843368962365
4.0059000292602525
4.016808662576192
4.027751099306747
4.038703009481798
4.049610254101428
4.060436629998109
4.071357740923932
4.082301266991357
4.093204288680786
4.104069861460942
4.114830351904405
4.125533823880153
4.136299656335188
4.146988244996579
4.157740627522896
4.168353997220532
4.179078632287075
4.189893416112319
4.200586241865157
4.211330198821407
4.222194952670489
4.232811824181138
4.243661790231031
4.254413300130834
4.265209050942673
4.276066790817285
4.2869332283637895
4.297885021644178
4.308780626918089
4.319678175081797
4.330613740486634
4.341485649036051
4.352400956545846
4.363346793496491
4.374324686512269
4.385121278898209
4.396050722578345
4.406840527652308
4.4176030696656285
4.42852777276284
4.43924110732427
4.44990900659811
4.4605997718918164
4.471270929934062
4.481975218637564
4.492776581079874
4.50354478040803
4.5143955785325165
4.525206744410516
4.535951607299064
4.546659274536229
4.557237582646592
4.567947278378552
4.578798633439641
4.58968092370194
4.600362919423819
4.611194917706119
4.6220070852113375
4.632703993608061
4.643280422668243
4.654119905506243
4.664886634369733
4.675960283393687
4.6869085002549244
4.697766476548383
4.7086287823554205
4.719322788101727
4.729964897168516
4.740728740974225
4.751491264657822
4.762387893091083
4.77326495273755
4.784320746946591
4.79507013561312
4.805839694900651
4.816519887151909
4.82729195936785
4.838265900166605
4.849131087975906
4.859976211988806
4.870807114964883
4.8816110918242
4.892361831467611
4.903208224840097
4.914035458387317
4.924717626177674
4.935360484722824
4.946042833449664
4.95682052634522
4.96758183423075
4.978167391143717
4.988919612501877
5.000019236768047
5.010698433761277
5.021515032737786
5.032227051483017
5.042973160997064
5.053578381315518
5.064321075428343
5.075076485131046
5.085902875099553
5.096862428405328
5.107654471051374
5.118588017816712
5.129389819212052
5.140160883664961
5.150894479586783
5.16160960176312
5.172412977187523
5.1831633530550585
5.193928809548875
5.204736686735553
5.21559399080083
5.226498560186393
5.23729728213222
5.248001185468309
5.258662448400117
5.269328320735727
5.279997034613862
5.29081650926183
5.301561528183344
5.312340885273604
5.323077172952381
5.333615970737101
5.3443611869878795
5.355094016467598
5.3658318050243095
5.376690889837608
5.387481638858779
5.398318635985906
5.408912105726153
5.419558975485374
5.4302183860107265
5.4407546135431115
5.451443126004355
5.461957491977566
5.472404014991562
5.482923162803444
5.4934122896545405
5.504062154935893
5.5147803352935165
5.525564967265719
5.536174831929835
5.547051522255431
5.557817734095403
5.56867744448338
5.579534550131063
5.590522618840017
5.60136597632064
5.612193932036375
5.622835455437809
5.6336133199883704
5.6442444530460865
5.654789783409086
5.665333040540511
5.6760118123031535
5.686645890217358
5.697373949496665
5.7081561516699155
5.718920681949973
5.7294603612004815
5.740145048637003
5.750632277271502
5.761294485625566
5.771944896831759
5.782653372592818
5.793409762432548
5.804213971129381
5.814924736291088
5.825652041770522
5.8363964388473635
5.847015932125848
5.857340026008534
5.8676590339198045
5.87784842181988
5.888137789653505
5.898655616785336
5.909139239806544
5.919564458089673
5.930213209660212
5.940663659849923
5.9513092155282425
5.962122230582812
5.973010852673587
5.98395257434869
5.9947855408934645
6.005468101388606
6.016358174742236
6.027133047493112
6.0378426430757335
6.048484074109982
6.059218217561709
6.069547275544716
6.079768704709357
6.090163541611581
6.100284364032624
6.110465866115696
6.120805023954249
6.131122038613459
6.1412481592122115
6.151639275089979
6.162670447241055
6.17368363845609
6.184686122947254
6.1950260789141485
6.2057443995981485
6.21640971903643
6.22695220677193
6.237345066235645
6.247641453676596
6.258165870853647
6.268407416349178
6.2791651913371895
6.289601136997607
6.300376121431046
6.311312802099858
6.321985379338876
6.332636128604336
6.343045828730353
6.353396035784529
6.364065244710902
6.374495184023791
6.385533558625949
6.396538000011961
6.4073918818148865
6.4175940279393275
6.428047357279295
6.43832027267898
6.448392312892013
6.458456263293151
6.468353071728098
6.478292432794488
6.488777282535522
6.498996816138349
6.509390559513076
6.520178659190677
6.530745726436867
6.541202425417472
6.551613926266644
6.5622062500096865
6.572679614652222
6.583442948273039
6.593810699586197
6.6047339943803385
6.615118076377019
6.625275345632403
6.635592707263021
6.645768286670004
6.6557832118844455
6.6656436097505765
6.675988247075433
6.686222810612755
6.696910066997814
6.70802972654479
6.718230790028618
6.730202489916086
6.757725488509777
6.779385799264083
6.789909579133955
6.800115672900453
6.810261387089284
6.820908481776676
6.8315331505806425
6.841846930858299
6.852010654947847
6.862033546283335
6.871900401408176
6.881741406455273
6.891688670891229
6.901710111300338
6.911969767549505
6.922247547370163
6.932496842860066
6.942581157368318
6.95282978919142
6.963175998838628
6.972619230838307
6.982869958884372
6.991879398205518
7.001100589037803
7.0102753848211
7.019566458702918
7.029045638665411
7.038907398493637
7.049495707972319
7.058462725655561
9.11196767093456
9.121137532655489
9.130034655584769
9.137949917375959
9.147593465217973
9.157136304472917
9.166521906615452
9.176322985622507
9.186029560603066
9.195922003641419
9.20564737010118
9.215423498724503
9.225252504187472
9.235164703484456
9.245176135816275
9.2552552976248
9.26528701979718
9.275499385225789
9.285890419205234
9.29623115042256
9.306549350840113
9.316895649475542
9.327461125562019
9.337302673548445
9.34737353556038
9.357678659787098
9.367698664729698
9.377817588212828
9.38776386119726
9.398336297629104
9.408612032893148
9.418410776441933
9.428281750929973
9.43848012870486
9.448614751821383
9.458632358158544
9.468740377504316
9.478823393125941
9.488683806205886
9.498891954276289
9.509310943488932
9.519612239911396
9.529598547440914
9.539635057128615
9.549916668299968
9.56008534973915
9.570351878083374
9.58073893578278
9.590882394443357
9.600905697547262
9.611143525360426
9.621538858531357
9.631904463605501
9.642177576950763
9.65246831345011
9.66275605079889
9.673178971374991
9.683734323808617
9.694328019306646
9.704642903600108
9.714922352433403
9.725253748388635
9.735631709653616
9.745803124271367
9.755971727841631
9.766008149697011
9.776042762524089
9.786084327245788
9.796255276464855
9.80631982314935
9.816583949573188
9.82672846964217
9.836895464759914
9.847128149564373
9.857486347823809
9.867703898018021
9.877905985069868
9.887928981515673
9.897670187528998
9.907400882658607
9.917195287582153
9.927057621726837
9.936901643547573
9.946756146852412
9.956937165266984
9.96703913332046
9.977174878921886
9.987276435877273
9.99762374825012
10.007906400541403
10.018000071002584
10.028143528772574
10.038343937766268
10.048694708887034
10.058869247087843
10.069023677622246
10.079226878662823
10.08968509283314
10.100081186395977
10.110555219263812
10.121026313145226
10.131447017445057
10.14191205936342
10.15237686814063
10.16288804641255
10.173246359753925
10.183523838922195
10.193594893756167
10.203753437761275
10.214082984322719
10.224460906847412
10.234909595614027
10.245245839753752
10.25569714280785
10.266160601410792
10.276562734158587
10.2868139866849
10.297176462397594
10.307534743324904
10.318058147068351
10.32859850027451
10.339024624675012
10.349478679753455
10.36001414032903
10.370627155483902
10.381311881185617
10.391834453168041
10.402328810981608
10.41277698387889
10.423395846688534
10.434132232737854
10.444827652017494
10.455411632367094
10.465915840405275
10.476411547798438
10.486908562287056
10.497381711632624
10.507807541069067
10.518300182185476
10.528907237328681
10.53952791652876
10.55019148941348
10.560735957650254
10.571301973653718
10.581918838195357
10.592473623784517
10.603016849758994
10.613449857498484
10.623978874619805
10.634528901561792
10.645041382539482
10.655617853892508
10.666165473882828
10.67660755585573
10.686915195546707
10.697237285002178
10.707619806700668
10.718002476986564
10.72856161498903
10.739196900997326
10.749776357992904
10.760318097714588
10.770937333730952
10.781340397780342
10.791805486395168
10.802216837219545
10.812668237462463
10.823198798466203
10.833829282086434
10.844483027212018
10.855091141650401
10.865751569956716
10.876358639665627
10.88707699012049
10.897751665769006
10.90840801240727
10.919217284479819
10.929918255592234
10.940706782011853
10.95144778090121
10.96212708787344
10.97279846687802
10.983361152275608
10.994005395832078
11.004620253281878
11.015320000122138
11.026122894077016
11.03686198522814
11.047516291416944
11.058031169785401
11.068593098374325
11.079088945548895
11.08961701260335
11.100118594410748
11.110516880792153
11.121024189689727
11.131540925475099
11.142227068774439
11.153096659160752
11.163916546621774
11.174568053694468
11.185207679221264
11.195671395776957
11.206008096839772
11.216328924830627
11.226849660529668
11.237451118965447
11.248202079223322
11.25895924552229
11.269965970308997
11.280895463627811
11.291670108104869
11.302217359192728
11.312916293353208
11.323601392997737
11.334164355510508
11.344669667016591
11.355200163914974
11.365719693460113
11.376403255730725
11.387061209395869
11.397842043385483
11.408570108893395
11.419184341389979
11.429826478024848
11.440559397765705
11.451301136106162
11.462088862919895
11.472832728297071
11.483608199891016
11.494169916797267
11.504858974042234
11.515627063487422
11.526311062062351
11.537037514510262
11.547654226080533
11.558421847330465
11.569280931875829
11.580075063338626
11.59075812135962
11.601349611700998
11.611751303743208
11.622262612435021
11.632805843160815
11.643450778034405
11.654197535449297
11.665082162426696
11.676038907464136
11.686933309692478
11.697517410019406
11.70811188831264
11.718653351986404
11.729238826331787
11.739959540881076
11.750688939178389
11.761458130697326
11.77224751011206
11.782868098583721
11.79340982771658
11.803992890888166
11.814590499296576
11.825134764328311
11.835771107714402
11.84655024915267
11.857480952585373
11.86848858305587
11.879485007073226
11.890124430475197
11.900700707767863
11.911200874435309
11.92175353996614
11.932319199277028
11.943090630647161
11.953840101058749
11.964347315940353
11.974995586891339
11.98556910316281
11.996209891078262
12.00679620657326
12.017397334595156
12.027950812508058
12.038719242126326
12.049825582279428
12.061012976869012
12.07232922762206
12.083499048599208
12.0944732556014
12.105313477132569
12.115901549756028
12.126586337562163
12.137339047863016
12.148216128697282
12.159062888507087
12.16992012742358
12.180705733772259
12.191212944456963
12.201879561788582
12.212577874642488
12.222886239260667
12.233594239826916
12.244082904907593
12.254807982786701
12.265497864416805
12.276583672241056
12.2873982405481
12.298650183688062
12.309440599356709
12.319985742088189
12.330737884145286
12.341553811772329
12.352196590183775
12.362907311600509
12.37372220006639
12.384568762811579
12.395396983931512
12.405978581745593
12.416612739109206
12.42736965870893
12.438305228781786
12.449204617564234
12.45985693440719
12.470634471731259
12.481286392798435
12.492054346561094
12.502689437891474
12.513358036297968
12.5239904933902
12.534779190308553
12.545539186200472
12.556498489725978
12.567546200078077
12.57860910451299
12.589363479541948
12.600213922893127
12.61116327293066
12.62206062164509
12.633287734111176
12.644486817318144
12.65538320339397
12.666314750572461
12.676928849688652
12.687536830392636
12.697921099354105
12.708372239581601
12.718858369013594
12.729510856704426
12.740170650958635
12.750806028011938
12.76136418915764
12.771725224097255
12.782248257546986
12.792860400285834
12.803445124968766
12.81398993366552
12.82472299552535
12.83545130114269
12.846306478941393
12.85698161501692
12.867806095350574
12.878657051126304
12.889437365748783
12.900291406304323
12.911133673269376
12.921890213653507
12.932797127517725
12.943897027761535
12.954450843259927
12.964938223156135
12.975487942529337
12.98629446013044
12.997094681233644
13.007892504850524
13.018889506108188
13.029884496091029
13.040563334609008
13.051320357157671
13.062290268009054
13.073272309267704
13.084685510783277
13.095445333236741
13.106148909702883
13.116947821494666
13.127415558854036
13.137719531447862
13.148022566089871
13.158544981131664
13.169085364867032
13.179882672537481
13.190903925661216
13.201920264073829
13.212908869003789
13.224013517452148
13.234722580935044
13.245222626819887
13.255835831481695
13.266740442323083
13.278164073687249
13.29005217440096
13.301884362719633
13.312977355509261
13.323900446716019
13.334853785623062
13.345913315094379
13.356861095612375
13.367681052162657
13.378166315347022
13.388693155634401
13.399285923841884
13.409902610842547
13.420771550886988
13.431545591673881
13.442424242835072
13.453169011334525
13.463633662645531
13.474283037561321
13.484677608466004
13.495202121850344
13.505874327663955
13.516440351618355
13.527175555170361
13.538009598803692
13.548925529109788
13.55979229662177
13.57047083604513
13.581270191825467
13.591872950399097
13.602480305058556
13.613267570035418
13.624000770687346
13.634920886611129
13.645568457309468
13.65672237531886
13.668018300588686
13.679211288037493
13.690379966509257
13.701925779848212
13.712435497773859
13.723158139366749
13.733813131076637
13.74418965680293
13.75450699280788
13.76478357779076
13.774981513754744
13.785017128830836
13.795205250743653
13.80547974721285
13.815348098347263
13.824943492586875
13.834574751449226
13.843957376909179
13.85336255076753
13.862987837978768
13.872502982512213
13.88245869323737
13.892531027727959
13.90240364608601
