File type = "ooTextFile"
Object class = "PointProcess"

0
62.408125
4142
0.01913628472222222
0.03611948529411765
0.0527797619047619
0.06891779891304348
0.083471875
0.100015625
0.11842291666666666
0.13429500000000003
0.14931117424242424
0.1644699074074074
0.18400000000000002
0.19878760162601625
0.2137850378787879
0.22939125000000002
0.24554315476190477
0.2630076754385965
0.2799968377976191
0.4025548245614035
0.41607015306122447
0.4267944775132275
0.4405733333333333
0.45377524038461536
0.4646477272727273
0.4793087883141763
0.4903086309523809
0.5022807971014492
0.5176650883838384
0.5278376225490197
0.5435412137681159
0.5564608796296296
0.5664824561403509
0.5817310606060606
0.5940634057971015
0.7418681944444444
0.7761788639601139
0.7919385926573426
0.8065439311594204
0.8221892784552844
0.8419928836633663
0.857544160798122
0.8722656249999999
0.8866542136591479
0.902959043560606
0.9192139423076923
0.9374606481481481
0.9561149038461538
0.9720257554945054
0.9853729166666667
1.0059267241379308
1.018437239583333
1.035586681547619
1.050098958333333
1.0671530318428182
1.0834397865853658
1.0994453581871344
1.1154465068922306
1.1319084051724138
1.1493528352130324
1.1655092672413792
1.1818385953608246
1.1986802536231882
1.2148692434210524
1.2331933876811592
1.2494538975279106
1.2632385103719599
1.2797448489010987
1.2957084842995168
1.312227388211382
1.32920703125
1.3451757629107979
1.3611609402268758
1.37777782960199
1.3944341709621992
1.4102280198776758
1.4263904272151897
1.4429690259381898
1.4595270095870205
1.4751319444444444
1.4919139933628316
1.5089369248466258
1.524997326696165
1.541466435185185
1.5580023337887066
1.5742535654362415
1.5895996408045976
1.6063527644230766
1.6233888180272107
1.6393749999999998
1.655854732789855
1.6722594958563535
1.6887707686335403
1.7047669753086419
1.7220018481182795
1.7392401107594935
1.7543823653198651
1.7706505376344084
1.7869865845959594
1.803324723025048
1.819272142531876
1.8356044481981981
1.8527870295698923
1.869418061023622
1.8851899379432624
1.9021605510752686
1.9186741071428568
1.9342291666666664
1.9506528585271314
1.9679481575144506
1.9839779605263157
1.9996604166666665
2.0165894886363636
2.0327237103174602
2.0493264279026215
2.0660310771092667
2.0825199999999997
2.0988528645833333
2.11466445035461
2.1314042968749995
2.1475439111418044
2.164294270833333
2.180461011904762
2.1968415948275863
2.2127985692771084
2.2294745670995666
2.245855732570806
2.2622462258454106
2.2793419769503545
2.295701011904762
2.3118720407196967
2.3279514569716775
2.3444310371046226
2.3607158764367817
2.376510416666666
2.3932536599099095
2.410043769561815
2.4263086549217
2.442801674836601
2.4596375679347826
2.4756800595238095
2.491387117346939
2.50801870854063
2.525081616300366
2.5411266522988503
2.5581376096491226
2.5793659274193548
2.589884765625
2.6066160256410256
2.6232056277056275
2.6396545833333334
2.656106770833333
2.673666001773049
2.6934961192810456
2.7050385941247
2.7220432912844035
2.7385180431547615
2.7545424404761905
2.770667847938144
2.788155919312169
2.803976704545454
2.820642588797814
2.8373801136363634
2.853088815789474
2.8715380067567566
2.8856922971491223
2.901803472222222
2.918292108585858
2.935057959401709
2.951308913934426
2.9676456730769227
2.9838493055555553
3.000330987237237
3.0168362312030075
3.0331557609546165
3.0495348987758946
3.065828304597701
3.0822766083765107
3.098883181330472
3.1151016691033138
3.1314942020440246
3.148186989379085
3.164228046594982
3.180643308080808
3.197519359276729
3.214381495098039
3.2306705357142858
3.2482726449275363
3.263749739583333
3.2811583076131687
3.2984428700828157
3.3151634963768113
3.331752133534136
3.349511994949495
3.363871807795699
3.380495872641509
3.396503407320872
3.4132444234006734
3.4284201388888884
3.4461881944444444
3.461893418874172
3.4778472960992906
3.495051879084967
3.510651918316831
3.526805594569288
3.5442222916666664
3.5602110745614035
3.576568194444444
3.5932559413580245
3.6094187171916006
3.628591477272727
3.6451009243929358
3.658343601190476
3.6749343637992826
3.695452904929577
3.712677724358974
3.727876695736434
3.746074863707165
3.7595958076131684
3.776385609567901
3.792492727987421
3.8095673324742267
3.825879385964912
3.841937881097561
3.8577510775862067
3.874335209627329
3.891913472222222
3.9096894041218633
3.9256332947530863
3.9417272882513656
3.9591437872023807
3.975264756944444
3.991279780982906
4.008535368217054
4.024779905913979
4.040919032204515
4.054815312500001
4.07107660198556
4.087474330357143
4.104872859589041
4.1204672794117645
4.139673526422764
4.155954027777779
4.172998493186584
4.18976014957265
4.202716435185185
4.220028434684685
4.236073252688173
4.2535809151785715
4.2724273373983745
4.2845875
4.302621195109781
4.318577517893661
4.3347331349206355
4.351971283783784
4.3683958333333335
4.384329071969697
4.400889164462082
4.418018862612613
4.434254352503912
4.450630374809742
4.468276041666667
4.484036204954955
4.500424342105263
4.515556041666667
4.535376615418895
4.57646979821803
4.593675580929488
4.610163730694981
4.627301488095238
4.644274375
4.660979036998617
4.678121697154472
4.694533584770115
4.711650531045752
4.730579117063492
4.745168536324786
4.761523587164751
4.78002170138889
4.796296435742971
4.81209580399061
4.8296813446969695
4.847194010416667
4.861903163580247
4.87827656835206
5.180408955627706
5.196466820987655
5.215950357391911
5.229731884057971
5.246338430851065
5.266155907064472
5.280086588541667
5.297840188746439
5.316347110215054
5.331001108156029
5.3468695833333335
5.366222441983123
5.3822235809178745
5.402736480496454
5.4146180555555565
5.420804592059337
5.429566847112861
5.439446428571428
6.093136904761905
6.1090080581761015
6.117152400362319
6.134162678571429
6.142376461988304
6.158405113636364
6.172205178571429
6.180891862338858
6.1982108386075945
6.207895229468599
6.222604052197802
6.2335996462264145
6.248130208333333
6.259836156542057
6.273356522194305
6.285714192708333
6.298379448198198
6.31030959084084
6.323532763035382
6.336088979007633
6.349069928618858
6.3620431034482765
6.374610416666666
6.386148857526882
6.399465706928838
6.412945494186047
6.425010649008675
6.438471482240438
6.450572478070176
6.463934736394558
6.475316980912477
6.489379059076683
6.501261983082707
6.514443768436578
6.526267417341431
6.5396746561488674
6.55176951388889
6.56477143361582
6.577385136083053
6.590569345238095
6.601336069023569
6.933584802350428
6.9465767604551045
6.959075980392157
6.9725649084778425
6.984095726885645
6.998127395833333
7.0092192946623095
7.0234148437499995
7.034511363636364
7.110935235507246
7.1249273556644885
7.136459932170543
7.149944996105918
7.16125466954023
7.35251035830999
7.3615641447368425
7.369328047263681
7.378064114741641
7.386735119047619
7.394049632352941
7.402981762820513
7.411128439465409
7.419525420096021
7.428401523631841
7.4366101270053475
7.444726602077001
7.453414851641415
7.4612143699460916
7.470070535714285
7.478834285714286
7.486796749497992
7.495651707393484
7.504059746821072
7.51220132156048
7.521094341856061
7.529285195707071
7.5377661516853935
7.545847460045662
7.553759478228229
7.562208872126437
7.570771288872692
7.579198339678511
7.587793714387464
7.596693502824859
7.608968620600414
7.61820308908046
7.791406178896473
7.805892321428571
7.816982424388675
7.830936099910394
7.84244330601093
7.856386242378049
7.8679046090182645
7.881531973938224
7.8928685747663545
7.907112834549879
7.918301466049383
7.9324836690110825
7.944660351049869
7.958038480077121
7.969324384787472
7.983579081173506
7.99513934178744
8.008690213585435
8.021213739451477
8.034209587191357
8.04697154209622
8.059624429223744
8.07285465425532
8.084940833333334
8.09886045896785
8.110272951244813
8.12452404513889
8.135603501064963
8.14999587264151
8.16108446382429
8.17442248210634
8.186475875603865
8.200249975943033
8.211874922839506
8.226014819926393
8.237307393790848
8.250947788065844
8.262645112683439
8.276285534591196
8.288225580601093
8.301879606573706
8.313519585828343
8.39883934859155
8.409152372262774
8.423929326923078
8.434958216292136
8.449184872650841
8.458926662457912
8.474547542735042
8.485009455128205
8.499487991266376
8.596240407250471
8.60736984592014
8.62149212962963
8.63268431627102
8.646514835858586
8.658792786373507
8.67199198943662
8.979528125
8.992661746742671
9.006291140572392
9.0181024496337
9.032177875475286
9.043365177029361
9.057507388985007
9.068921887371337
9.088211474867725
9.099213541666666
9.114042238045007
9.124161191239317
9.13806468495935
9.149958620689656
9.163518092105262
9.175733008274232
9.189484442640692
9.200153921568628
9.215425933908048
9.225215796019901
9.239955565619969
9.25095637254902
9.265889423076922
9.276478277439024
9.291482465277777
9.302472481343283
9.317111437360179
9.327187686011905
9.342580038474132
9.353529796511628
9.36663263888889
9.379648596938775
9.391999671546547
9.405504547213623
9.417600870253164
9.42803125
9.443082204592363
9.45388353978979
9.468265260084925
9.479892708333333
9.493861805555555
9.506228520671835
9.519575707424714
9.531660645218002
9.544553843896713
9.556817106009069
9.569343127264494
9.582754894578313
9.594779447115384
9.608383657754848
9.620305769890262
9.63396733974359
9.645916666666666
9.659522240990992
9.67095576842546
9.68479521780303
9.696462974422442
9.709960096153846
9.722045697463768
9.735372664777499
9.747703159492273
9.76095685010911
9.773316935483871
9.78616124260355
9.798220253436426
9.811243296204621
9.823695636792452
9.836925815217391
9.849409972570532
9.862481591235632
9.874611426767677
9.887617726608187
9.899485416666668
9.912977481617647
9.925165891873279
9.938670757892293
9.951093129139073
9.964229517790264
9.97682306763285
9.98979168956044
10.002835836563307
10.0154140625
10.027345175855514
10.039978099385246
10.054628531831186
10.06575804840142
10.079000526094276
10.091867698598131
10.10552927927928
10.11767210960961
10.13114219674556
10.142181384408602
10.156532891414141
10.16771860632184
10.182054287918872
10.193769333333334
10.207384546703297
10.219851891762453
10.23356578196347
10.246020753816795
10.259697516025641
10.272055224036851
10.285396205357143
10.298125529661018
10.310230367100372
10.323844148089172
10.335490758754863
10.349812984496124
10.361248853434816
10.374513764880952
10.387143707482993
10.40017094571231
10.412970374783361
10.424738797169812
10.438727730785295
10.450415905898877
10.463350797707559
10.476054752931324
10.489182025547445
10.502100168918918
10.514696707589286
10.527662745786516
10.539475178303302
10.552539458955223
10.565037678767878
10.578137850660067
10.59042358913502
10.603879523026317
10.615824324324324
10.62990580673759
10.641569751026694
10.655993347338935
10.666256114130434
10.681503530334728
10.69412366879659
10.706874176186291
10.71950531462585
10.73227492877493
10.745226253949447
10.757096069038928
10.770899892143506
10.78278976558572
10.796758735845719
10.808509264184398
10.821588336233564
10.834200610385146
10.845858499262537
10.859702515514185
10.871544462316177
10.884894451026856
10.897289970930233
10.91026518038618
10.922707379943503
10.935717674731183
10.948293016334441
10.960425520833333
10.973858530701754
10.985932493781094
10.999457333948339
11.011330825617284
11.025006412090008
11.03653734984985
11.049865822490705
11.062113614341087
11.07475289489311
11.087635511148903
11.10037491840731
11.113178548994975
11.125757043087122
11.138128114951769
11.150389996130032
11.163652631578948
11.17603154481132
11.188819087009804
11.201931581439393
11.213580379353234
11.227691805043051
11.239019511421318
11.256757552083334
11.263691588261649
11.282366242625368
11.290232469512194
11.30803749589086
11.315301153965304
11.327159960045663
11.338644345238096
11.353065827922078
11.364309424603174
11.377456420068027
11.39032747040073
11.402839194444445
11.4161368681694
11.43567745618941
11.441928601190476
11.46119101702509
11.466846354166668
11.47925057444853
11.492326569905213
11.51126656626506
11.524393781328321
11.536477872287968
11.549808197463767
11.561939474126344
11.575347769028872
11.587520076815643
11.600627642276423
11.61245570652174
11.625494030898876
11.638059116242038
11.650871712239583
11.663744351160862
11.676276926100629
11.68967145400308
11.701225046641792
11.711217729070954
11.72703495619946
11.736990029761904
11.752860679242676
11.76297350391499
11.77875858441911
11.79237691482843
11.804536572128852
11.81609375
11.82490948275862
11.842191529369627
11.855896616541353
11.867895502645503
11.881619134304206
11.893875210674157
11.899687102883675
11.91318841704289
11.93203849969475
11.938911486588307
11.955698641304348
11.963366971868366
11.981550627729257
11.99578375691563
12.007630520833334
12.021519385276532
12.03329267282197
12.04665661231884
12.059171312597808
12.072118788819875
12.084133552204928
12.096791885635636
12.109706446443342
12.12225074281371
12.131158752175805
12.147758807588076
12.156621115819208
12.173176925902602
12.182333066239316
12.19839091614907
12.208101809610705
12.223949334436043
12.234226917220377
12.249005375364431
12.259628741909385
12.273507211538462
12.285137589468302
12.296462708333333
12.309399717514124
12.322470894607843
12.335300583964646
12.348172389846743
12.359975462962963
12.373783783783784
12.38464312664042
12.399326136363635
12.410057211538462
12.424176605191256
12.435401563565097
12.448699004975126
12.460833697552447
12.473439583333334
12.48599908625731
12.498530413625305
12.511259081940576
12.52352004310345
12.535968229166667
12.54935757797271
12.560972811844865
12.57421269132653
12.689571261682243
12.704061164529914
12.716298963903743
12.7282675
12.740805255486968
12.7536894080033
12.766438835470085
12.778402129120877
12.791902938741721
12.803684134615384
12.817600360009443
12.829358018867923
12.8420487570028
12.854627712031558
12.86759871031746
12.880329874674478
12.891865073005699
12.90686733716475
12.991537985588971
13.004262383590238
13.020036900550314
13.029931985294118
13.040982438568376
13.146534589694657
13.156946126302083
13.175215453296703
13.184052278037383
13.200063166386082
13.21275118371212
13.225418602507375
13.236910344827587
13.25023731060606
13.26174729643766
13.274592641001268
13.287454455389492
13.29999312759336
13.313035338504088
13.324338634823848
13.33331974637681
13.349952578006087
13.357791147994467
13.370375086088155
13.38745214658444
13.396375753012048
13.413015062949642
13.42625119535519
13.437536194876783
13.446663388694638
13.458966379310345
13.47699953258547
13.48928715034965
13.500280433006536
13.514782329447323
13.525811535493828
13.539910210905349
13.551425006490135
13.564811792071197
13.576934207685664
13.587068037974683
13.602241082134292
13.614736729452055
13.627069560961969
13.63974199431256
13.652589208006964
13.663936040660225
13.67671326754386
13.689625506756755
13.702177819168506
13.712300666456759
13.727608831369249
13.741119683410316
13.75227870285888
13.763903656639004
13.777803595823574
13.789437896070975
13.802542017790262
13.81513737489121
13.829294385103925
13.841218368437119
13.852603466386554
13.865363435491275
13.878017558116628
13.892224852693602
13.904952238654781
13.916984344059406
13.930500149235913
13.94248500251004
13.95558814102564
13.967988511029413
13.980144555047866
13.992733739837398
14.00563865846682
14.01821773440931
14.031368161577609
14.043709635416667
14.056169178724543
14.06785898994812
14.081973816170388
14.093246132565492
14.107664781383303
14.11897726677149
14.133268836805556
14.145015481123389
14.15879236111111
14.170754443473193
14.182511464884696
14.19646293892186
14.208138120229007
14.2225611492674
14.233928416105499
14.248315972222223
14.259510553428154
14.272636971393036
14.284229732428114
14.297630439814814
14.310175245098039
14.32290902117973
14.335590308505408
14.348219434663536
14.36084067982456
14.373128122376155
14.385982263513514
14.398282798946717
14.410963245257452
14.423623346100278
14.435875868055554
14.448938351677148
14.460904767200475
14.473622715053763
14.486241064375987
14.498872408789387
14.511620219546742
14.523843027456648
14.536958918539325
14.548680398520379
14.56187744188922
14.57356113505747
14.58716795798898
14.59916173679868
14.611671000608272
14.6247041006244
14.63613627496879
14.649114924863387
14.6617822891924
14.67451953125
14.687613787517053
14.698581018518519
14.71323342092092
14.724149540960452
14.738725694444446
14.750176957578805
14.763330675287357
14.77595025623886
14.788032346491228
14.80073685515873
14.813269955113194
14.826010193611706
14.838754016064257
14.851629272003745
14.863607128064944
14.87628813976378
14.889011125886524
14.90177003992629
14.914476776695526
14.926692708333333
14.940458827554744
14.952252074411135
14.966264374253285
14.978116403345725
14.991846045918367
15.003642231308412
15.01648997790404
15.028956944444444
15.041491020114943
15.054085589477726
15.066712932504872
15.079580262524084
15.09215086301671
15.105150324923548
15.117178124999999
15.129922941767068
15.142724320023149
15.1554275102459
15.16828242370892
15.181343426165803
15.194040044094333
15.206975145042193
15.21929892068273
15.231923309178743
15.244669938760808
15.257301664432529
15.27008535671463
15.282774566905616
15.29554854329427
15.312304296875
15.325523466117216
15.33825672380156
15.349708905677655
15.366678656847935
15.375192751663894
15.392199361111112
15.400845231042654
15.410567546033995
15.422035041751874
15.435177741228069
15.447590925580432
15.460430894945697
15.473241146742291
15.485893674242424
15.498691502911209
15.510701822916667
15.523565755208333
15.541897826953747
15.555942172181373
15.568278671617161
15.581451315789474
15.593666015625
15.599502869496856
15.61273625
15.630961265432099
15.64383023313492
15.650020528752437
15.663094901410478
15.675243285123967
15.688542186132985
15.700788271949405
15.713663268060463
15.72638069058642
15.739115504535146
15.757254572851153
15.769308939873417
15.782815904043947
15.794603851010102
15.80765593553459
15.820276977465214
15.83217609375
15.845420903110048
15.857730534009546
15.871171000608273
15.882889692503639
15.896598719783714
15.908251188478747
15.921298697916667
15.934034226190477
15.946801726772614
15.959913415442676
15.971645911654136
15.985469420903954
15.997033270202019
16.010099523092368
16.022827217741934
16.03486789554531
16.04766057790224
16.06059666982323
16.07337265488656
16.087494726724852
16.099316857993195
16.11281876372872
16.12482080802969
16.138205775316454
16.149806999754176
16.16256626157407
16.17542380499154
16.18806534090909
16.200853451797382
16.21340437030075
16.22558265863612
16.238339559386972
16.2508807938856
16.26405720486111
16.28075548510467
16.289842636768448
16.305700097934473
16.315592415845646
16.33113992758784
16.340775297619047
16.356082325268815
16.370469129415007
16.381606621853543
16.396167646353163
16.40653361966824
16.42098318637621
16.433376714135022
16.443690937499998
16.45907844686329
16.471890367161716
16.482071783246976
16.49630615196078
16.506477746212116
16.521926223070015
16.53185095439691
16.547619154530743
16.557755884009005
16.57326827830188
16.583801039491995
16.597441464552237
16.609815326827757
16.621129267387612
16.635396475647898
16.646446633675463
16.661217812860436
16.672296874999997
16.68447395833333
16.698030352418744
16.70954755220646
16.723744829136688
16.734577612552176
16.747869391025638
16.760087231324874
16.772394430272108
16.785129111842103
16.797897995283016
16.810579703538625
16.822279340277777
16.835434604978353
16.84803077516619
16.86068705035971
16.87338535447761
16.8861184828134
16.89772306143001
16.910488789100683
16.923394448983295
16.935813194444442
16.949349157444665
16.980195312499998
16.99145038155051
16.9983432304655
17.007105700904393
17.015929762861735
17.024167352403342
17.03285841331505
17.041208136792452
17.0485635515873
17.058228968881856
17.06573478618421
17.074183435921714
17.087437123493974
17.191818738393685
17.205090682515337
17.21782419217687
17.23021369680851
17.242965751525233
17.254630009541984
17.267227872287965
17.281095008250823
17.293154987373736
17.307216282894732
17.320269235685068
17.3330203044518
17.345430982620318
17.358272066885963
17.37112439613526
17.383972479202523
17.39684083721704
17.408823263888888
17.519261566973412
17.53085791279969
17.544180608974358
17.556469154174014
17.569029608585858
17.587994621721048
17.600386091820987
17.607160816210044
17.62521999113475
17.639142986918603
17.65084261580707
17.657357886904762
17.67032938664596
17.68280856233244
17.695750580168774
17.708320091281667
17.721351656626506
17.732974232456137
17.747000365925057
17.75862827834179
17.77151523919753
17.78433117892679
17.797524585573473
17.810379382183907
17.82308121312684
17.836458665074307
17.848954398148145
17.864941735933503
17.87462111318408
17.88733082264957
17.901245901639342
17.91249284090909
17.92672274201597
17.94012490264797
17.95236135752688
17.965131170382165
17.977124884686347
17.990167927829297
18.002440823807156
18.0158085304054
18.028379666666666
18.041194988059324
18.053809360047843
18.066940907138395
18.07906069930707
18.09198445976492
18.104346228314743
18.117320902247666
18.129797619047615
18.142880868544598
18.154928337955624
18.16819229447776
18.18029022435897
18.193326642628204
18.205423729360163
18.218998993844696
18.230797463768116
18.243566864035085
18.2564169603372
18.268905874316935
18.281931607744106
18.294257019927535
18.306953227124183
18.31970948418319
18.331989514576456
18.34535112048398
18.357784476711558
18.370855724516368
18.38277761465324
18.395944862155385
18.408270719320065
18.421791622899157
18.433839969433716
18.446924036860427
18.4594244648318
18.472426594920506
18.485104633690707
18.497916115196073
18.51089689302191
18.52354325980392
18.53648242960426
18.54905773102648
18.56211280978055
18.574018584574024
18.587499305555554
18.59947078544061
18.61254520403377
18.62510993503584
18.63795053481919
18.650659541847038
18.6635926293806
18.67627709694989
18.688538651790868
18.70167370014245
18.714202142494926
18.72687483787289
18.739669628033205
18.7523510686748
18.765469443990852
18.777114162627893
18.791037210360013
18.80277684453228
18.81586573557835
18.828469348444045
18.84135893763933
18.854057700511945
18.86701011363636
18.879277404456072
18.89195569735311
18.90457099336387
18.917324055618828
18.930058943602692
18.943057324840762
18.95507759533898
18.96799173513302
18.980424974437625
18.99361485745614
19.0065979000664
19.01914162177862
19.031891236033516
19.04432322080292
19.057041791417163
19.06965278755868
19.081949971655327
19.095392659279778
19.107441196236557
19.12127952473958
19.13343524029982
19.147021110864415
19.159935072055138
19.172700954861106
19.18558936087061
19.19828912815126
19.211610643024816
19.223023237179486
19.23824634786989
19.248806255835664
19.26326279945904
19.274643576155224
19.287777604166664
19.30035866389914
19.313512575561308
19.325288651315784
19.339588915553698
19.486984775641023
19.497659791448058
19.50417062544232
19.515710574894513
19.52145300387597
19.5296527699398
19.540711156741956
19.548137169633222
19.556266988936255
19.56562338810316
19.607089235098798
19.619672275641022
19.63271215452261
19.64506813304721
19.659130995800176
19.67484128324753
19.686468225419663
19.700469623253493
19.71227267480211
19.725333817829455
19.738024497767857
19.751462797619045
19.76355121722846
19.772017668918917
19.78914155982906
19.798611857476633
19.81459026457541
19.8276463127615
19.840313775143677
19.853058739837397
19.865936695662533
19.878374297752806
19.89149603873239
19.903129017189833
19.91232240729421
19.924256747390736
19.93860584052678
19.95422311253561
19.963961212792732
19.979481916578667
19.989805441218945
20.001297230429532
20.01575975101971
20.029411180606278
20.03899822470817
20.05331622540509
20.06573067210567
20.07812214851024
20.090971149209103
20.10389879090471
20.115926060838444
20.129131613306082
20.141189073889993
20.154345929487178
20.166268877858
20.18012237265084
20.191908008409786
20.20510000644995
20.21739301801802
20.230876356470105
20.24264893447837
20.255924332722085
20.26814227998442
20.28087715729783
20.293625641785148
20.305972596153843
20.31910300460636
20.331214013645997
20.343826059626434
20.35682623977505
20.368634212427747
20.383075928714856
20.394337294600934
20.408878142655364
20.42168478156274
20.434498304263563
20.446992380136983
20.45982778897849
20.47150014055472
20.48546543560606
20.497438400576367
20.510291315049226
20.523033121042026
20.536054810867068
20.548147609109545
20.56074911120591
20.57368012521222
20.586280794626592
20.599378181939976
20.611464027777778
20.624802340534977
20.637146335891813
20.650905106707317
20.662772020609317
20.6758029822335
20.687900577557752
20.70045006887052
20.713109450483092
20.725433238636363
20.738558752540648
20.75101805966469
20.76322622699386
20.775978378851537
20.78807965458488
20.800832330892607
20.813097875412538
20.86779982749469
20.878466885538263
20.893081904761903
20.90491098385689
20.918123394563917
20.930557110142985
20.943189916032953
20.9560311329588
20.96863274572649
20.981527802403466
20.993725560897435
21.006058691262844
21.019327414772725
21.032732528877887
21.04476033383035
21.057276853975534
21.0699482828776
21.082152263189446
21.094916437098252
21.107583058406647
21.120333514492753
21.131942300724635
21.14543835565476
21.157173418209872
21.17071463424983
21.18280405130293
21.19583337747175
21.20829589617169
21.22106908802428
21.23374676974448
21.245830529722827
21.259845124421293
21.271466574367086
21.283833993902437
21.29722404100529
21.310081280138636
21.322576082155475
21.33562860576923
21.348077967171715
21.360238040123456
21.373005452473958
21.385537555488295
21.398047400336214
21.410912858893553
21.42320350950783
21.43605048076923
21.448391495901635
21.461598910984847
21.47324160206718
21.48717715669014
21.498300286519033
21.511516782407405
21.523450826350093
21.536277586511297
21.549996890547263
21.56215517473118
21.576033598484845
21.585951166666664
21.601475308641973
21.611903726138028
21.638595886752135
21.651940522300468
21.664097205766193
21.677224377962084
21.691318875718387
21.70296748554913
21.717455892304717
21.77320611197377
21.78534548611111
21.798653240740737
21.811321848290596
21.823998584142394
21.836661505255254
21.849225714285712
21.862319955857018
21.874307902298845
21.88785359477124
21.89959048423423
21.913549909076533
21.92433352987421
21.945674625468165
21.959668707591177
21.970513533464562
21.983315586419753
21.99591783106747
22.00863256894484
22.02169204059829
22.039501933287163
22.047594526681284
22.060976983104236
22.073203394582467
22.262293494897957
22.275711695823926
22.287741071428567
22.30056672523427
22.312161921902266
22.32507858455882
22.337425788954633
22.35140243902439
22.44301513581952
22.460291713800903
22.469216039540814
22.485559744623654
22.498801989064855
22.509563891395906
22.523045820552145
22.53491683743169
22.548526092728757
22.559761842522175
22.574770478219694
22.584909674657535
22.60060984195402
22.61044215654608
22.62364806547619
22.63652911931818
22.64931457296849
22.662920952826266
22.67445562065972
22.688792943017127
22.69982452956989
22.71296368243243
22.725176562499996
22.738009728773584
22.75097939311594
22.76370826754386
22.77718589317376
22.789105298282266
22.803513858695652
22.891506729351033
22.904745942101737
22.917592143574296
22.929206249999996
22.943196381578947
23.03057991536458
23.042611702127658
23.05625550595238
23.068498605643043
23.079280361757103
23.09256620934959
23.10478171921922
23.118879127358486
23.130026993727597
23.144576776960783
23.155357612332693
23.168517715419497
23.18063679304304
23.19332545731707
23.206120124859705
23.21947895693512
23.23240082003546
23.245041959143265
23.25825485878076
23.269800972732842
23.28322784251412
23.294987874168513
23.308535791666664
23.502934027777776
23.515376214664307
23.528276431405896
23.54079456811263
23.553406292955327
23.5660963871308
23.57861900252525
23.591708736559138
23.604014019423555
23.617484001196168
23.629674395161288
23.695487637945668
23.70633363673139
23.72137993986254
23.7329235592869
23.75310503472222
23.75872655597326
23.780049356823262
23.78466577842377
23.80564068983402
23.810283962673612
23.82270954915878
23.83578292624521
23.84830617492492
23.8610567188832
23.87404835
23.8866382260101
23.899766526148582
23.91215536158493
23.925270807226397
23.937521007914338
23.950683756510415
23.963390352026554
23.97584874871001
23.98895683116627
24.001249755123567
24.0143921996124
24.026511223591548
24.039368242681302
24.05185545651864
24.064737274930746
24.077324102624917
24.09022780797101
24.102818194444442
24.115748250932832
24.127532417133516
24.14125872014115
24.15275320095486
24.166675917832166
24.178664028503047
24.191990619546246
24.204553018707482
24.21728812984496
24.230148179824557
24.24237211590662
24.25561241251944
24.26741688774448
24.281351608837483
24.293163300304876
24.306264078582736
24.319123188405793
24.33150622484909
24.34476371951219
24.35680536265432
24.370562717517398
24.38225328579418
24.39633668563579
24.40790466954023
24.421807862903226
24.433664293565148
24.447202467827996
24.459372351694913
24.472553012904633
24.485004804735546
24.49763336074561
24.510647990905714
24.52305853613569
24.536457800387595
24.960526057692306
24.974348631450486
24.986145645306856
25.010995336659473
25.021473557692303
25.036550925925926
25.04736779898741
25.0623450323747
25.072375435678072
25.08820388946045
25.099867593930636
25.113636507936505
25.125448779330572
25.13813334832134
25.151061811294763
25.162702932098764
25.177046890273704
25.18843233183376
25.202554573754785
25.214499648085585
25.225284071180553
25.240357922335598
25.251144993279567
25.26561661135693
25.277568452380947
25.288775838216143
25.30382739978903
25.313403615552325
25.32661606481481
25.339327795358646
25.351742135761587
25.36527332858048
25.37688525641025
25.389649016203702
25.40268024481193
25.415179428446766
25.430008616581954
25.550677641369045
25.55938163665743
25.566895273870415
25.576646518409216
25.585459609449188
25.591619523195874
25.603051796197036
25.61174913548753
25.617592320261434
25.62930060654008
25.637768165650407
25.64256402732015
25.655326928053828
25.6645787601626
26.006267828525637
26.022730468749998
26.04156074134199
26.058680863220815
26.076321976109856
26.129038347069596
26.141465999999998
26.155363210867115
26.171552213541666
26.18005073051948
26.19776138565891
26.206453269985722
26.220575680960085
26.233044363839284
26.2459373056592
26.259863030205654
26.27150587228517
26.283138350938962
26.646373538011694
26.65642739803625
26.669943081626847
26.682517696886443
26.698308721934367
26.707955428004535
26.72271826399689
26.734030577956986
26.748820216795615
26.87163094806763
26.8904672451091
26.908713227911644
26.925996167962
26.94331630466903
26.961481285310732
26.982222073412697
27.020610425152746
27.03504707278481
27.047319554324893
27.059461887254898
27.073682146990738
27.086226364942526
27.09875690320665
27.11282866612554
27.125848170943133
27.139037195896876
27.15234883474576
27.16547752624672
27.178723228503184
27.191640090811962
27.205440556387224
27.21824316077441
27.232404591049377
27.245190081120942
27.256768339201876
27.27085660359327
27.470530912422834
27.48387681010929
27.496786131239933
27.50974569235589
27.605596443752468
27.622737151015226
27.64433397435897
27.659602444225722
27.67803837719298
27.696773723118277
27.714726980452674
27.72968509134134
27.750280375874123
27.767231206293705
27.783102302631576
27.80307271762208
27.817825388418076
28.038721152580305
28.052329523431993
28.064862980769227
28.079106747949616
28.09207781312375
28.106880134281198
28.119028336086636
28.13273467559874
28.144793347172794
28.159442866161612
28.171994618696186
28.186401520593865
28.197776943108973
28.212325026678307
28.224426113840053
28.23726089221014
28.25040254864636
28.264615620177466
28.27752510408406
28.29076826360389
28.303604410535115
28.317836931818178
28.329267250530783
28.34213443204551
28.35693114723468
28.37027065744215
28.3833810164331
28.396241447869098
28.407495435393255
28.423164517195765
28.43486095505618
28.44760456673779
28.535978083333333
28.553232315312624
28.562140899122802
28.57625324394463
28.588982449279484
28.602810090384036
28.61413295361248
28.628642458920186
28.64118192829457
28.655218013587987
28.666977838693956
28.681250772591643
28.69399465005035
28.707096702188938
28.719329111390664
28.73355454297006
28.747001096491225
28.760146545942316
28.773248738878294
28.7867189205653
28.799953938422686
28.81313772746967
28.825756595705965
28.83945602405635
28.852471773657626
28.865758595516198
28.878109418685924
28.89220515180878
28.905409563228293
28.918478085529927
28.93082157330288
28.944415549667493
28.959200094772545
28.971481127850158
28.98375527976364
28.997196904377617
29.010379564142013
29.023655730664746
29.03676975694444
29.050295084395945
29.06340801404177
29.077422187736666
29.089928375426258
29.10395438304152
29.116640458837548
29.130345762419502
29.14355670321637
29.16312296734532
29.171666153530374
29.271803797797173
29.283119450934574
29.296660711250848
29.310903986855156
29.326878677293063
29.33571148039762
29.348845116666663
29.363019437044304
29.375262610689433
29.388543639520197
29.402910820341496
29.417054332092636
29.429017414122136
29.442441955770146
29.45477606441048
29.472374050774267
29.481905822935232
29.500032078017664
29.507541595937717
29.52295628103662
29.539708078022873
29.547092013189687
29.56077458503865
29.575027095037452
29.59042492145247
29.601447715135023
29.614358180302457
29.628156184742885
29.644631949383594
29.654729098688417
29.669855114230447
29.681618422017003
29.696608848496627
29.7084119330338
29.721250298050222
29.734197839147285
29.748097696520617
29.760503005141743
29.773819922194917
29.78699106786155
29.80085335061444
29.813420280313668
29.828047503484665
29.83913186523572
29.854725280537156
29.866676904314357
29.88047394230769
29.89233569621938
29.907037691885964
29.919684732664994
29.93714744071476
29.94946020442359
29.95942457932692
29.972612147595356
29.985722009637186
30.003156158357772
30.017049445050944
30.02713601190476
30.042946590591846
30.055473406862745
30.066339858058605
30.080192907955865
30.09391981072154
30.10741962139423
30.120923710917797
30.133551356221545
30.147126969761498
30.160624999999996
30.175131826152302
30.186615239633817
30.2001540513728
30.214031074703342
30.22694436629153
30.238573036398467
30.25327298308165
30.26630794726107
30.28150275383142
30.293492910879625
30.306621203838677
30.319447811976545
30.33497930662188
30.345267931887367
30.35858715986394
30.37224795854271
30.38780697278911
30.399564306215357
30.412620859053494
30.425799119595535
30.4404083579258
30.45249717620482
30.465564523381293
30.478754018532523
30.493682200292394
30.505213199250285
30.5181532358156
30.531900549336648
30.54604381281407
30.55887825520833
30.571710750703232
30.58601443894389
30.601975342827
30.61179171674679
30.625770961145193
30.63923283179012
30.650942472415796
30.66398869680851
30.679207776063095
30.69636072530864
30.71025882876016
30.732543921142703
30.74772252643504
30.75756861842105
30.770801747311825
30.78450216474245
30.797879141566263
30.811353782003938
30.823486341339645
30.836724178968762
30.852578045361874
30.864955343655588
30.87854345703125
30.8896561460931
30.90263753255208
30.917528952589805
30.928712688916875
30.942086485302045
30.95538392323775
30.975358013485476
30.984217732558136
31.00221229118104
31.008248955348613
31.0236492248062
31.040897365196077
31.048167380136984
31.061012556030967
31.078060737179484
31.09346907552083
31.102270918483192
31.115456189613525
31.13171460987261
31.1456099537037
31.1587421875
31.17184195963541
31.184751666087156
31.197622086247083
31.21149613421694
31.21994332482993
31.230658939393937
31.24351194360776
31.25706178318692
31.27023328488372
31.283169831612582
31.29664619515539
31.310079960601715
31.32393136415525
31.33688459728033
31.34971503363715
31.363281877510037
31.37649404562695
31.388328377831712
31.402053694625994
31.415448174446944
31.428551542207792
31.441920850066932
31.461429915659615
31.467292600235847
31.498797886904757
31.512903848039212
31.526025138888887
31.53931697761194
31.551649343297097
31.56575625
31.579078808922556
31.592990384615383
31.604234123296155
31.618649201388884
31.632955261299433
31.648718749999997
31.658052798982187
31.67182185734463
31.684591777019794
31.700838779043785
31.714429356060602
31.72529377768549
31.739936619718307
31.753367912631152
31.830843440375087
31.84375972605893
31.85813251915709
31.869619553376904
31.882569686411145
31.898144873751388
31.91158776246719
31.927406620370366
31.93649083039906
31.950482325072887
31.963411669649958
31.97682074652778
31.995202135603343
32.0076741618774
32.01723978080569
32.033100911458334
32.04658733624454
32.059591197447446
32.07343034450458
32.08498716917025
32.09915183080808
32.11109115404837
32.124798954216075
32.13782748287671
32.151428929324894
32.16510957324107
32.17757385361552
32.191227918987934
32.204917706442835
32.217113839285716
32.231071855906315
32.24380874274461
32.25691882861635
32.27079509032634
32.28383496027721
32.29708731060606
32.310870130670615
32.324308113084925
32.33963954103215
32.35424227472089
32.364767682788376
32.37715252293578
32.393919086700336
32.40439473684211
32.41893120155039
32.46142122113997
32.47509114583333
32.486244776482025
32.50081284340659
32.51376422070535
32.52710209923664
32.54024256322554
32.55359016964629
32.567217577888684
32.58057523148148
32.593517375168695
32.66354215191511
32.674742675206126
32.68758621704332
32.70172028769841
32.71554483695652
32.72925367828882
32.742398123522456
32.754810731132075
32.76864142244817
32.78299042508417
32.79568352059925
32.80882285974499
32.82204839238845
32.83589717741936
32.848688724309575
32.862334732587065
32.87923125
32.899455273437496
32.91841296600877
32.934019135462556
32.94473860607676
32.95967347503161
32.973277764724315
32.98340001566417
32.996442542697295
33.013159815436246
33.02628063596491
33.0365395394159
33.05099250201288
33.065872333150985
33.0775518513363
33.09121130569837
33.10510436320755
33.11800415
33.12937632275133
33.14274270627877
33.156573884758366
33.17158909106892
33.18923621608527
33.195901496085014
33.20894804216867
33.227218309859154
33.242354867788464
33.249465003405994
33.26511594945355
33.277260897847164
33.29163696581196
33.30770287698413
33.317368220899475
33.33171251299377
33.34581170095304
33.35879983108108
33.372714855919
33.38295232250755
33.397256205673756
33.40991223268839
33.42306060829402
33.436711687853105
33.45201151315789
33.46519794852192
33.4752897298995
33.488419756625895
33.50248627364066
33.51506789611006
33.528147579479764
33.542710091991346
33.5565660562954
33.56883966049383
33.58182260416667
33.595161167184266
33.6080964360587
33.620575223941366
33.63400702913279
33.64751423076923
33.66060174162258
33.673987062854444
33.686988125607385
33.69958941921955
33.71275272550776
33.72602185270133
33.73890225619933
33.75207715707965
33.76580678501946
33.778531275625255
33.79187628045405
33.805137233527134
33.81817891714766
33.83150312989046
33.84505418719212
33.85770582217262
33.87102129805949
33.88448923879089
33.89758264138241
33.91001066468254
33.92435520224171
33.937099946330996
33.949508854166666
33.96366870881384
33.97638650362319
33.989571105072464
34.00353299356223
34.01593739583333
34.02941823340109
34.04274577517789
34.055854068704285
34.06850420469912
34.08284039838513
34.09550143678161
34.10813974005621
34.12226261142626
34.13537919960474
34.14673692198935
34.2137860526999
34.226654409461155
34.24054406055901
34.253295457097934
34.26641682610545
34.28018010844749
34.29350042641325
34.30637185077519
34.3184574666405
34.333374560587266
34.34545034403669
34.35646910612535
34.389714073129255
34.401522912122864
34.42966296487604
34.44149558950086
34.46929594795038
34.4817088871308
34.58868227364476
34.59977988961443
34.628957516339874
34.639669097222225
34.649769880952384
34.66897188421829
34.67985379343106
34.6917045479664
34.69924240819209
34.70700886609415
34.71950711287314
34.73222169117647
34.73949351689976
34.749262811739655
34.75969528769841
34.77109068329278
34.77988409090909
34.78890984815774
34.799049217675375
34.81143744244936
34.81911073897173
35.069663538873996
35.105624043257656
35.18559347587719
35.22789828499079
35.24865835674158
35.26472322591146
35.28431919037941
35.32439652541169
35.3399500492126
35.34991523954332
35.36021950346594
35.37018854470951
35.37939606700118
35.390270222764954
35.39975806868832
35.41068635597303
35.419195208970436
35.42957683733087
35.43959286202186
35.451071939149564
35.459911496913584
35.47014593512486
35.47986420753476
35.490729670191335
35.50245160198556
35.51064230371901
35.51985446714743
35.53126705786026
35.53944212709701
35.550905139759664
35.5585018134278
35.571043812421976
35.58025188984882
35.59073060951577
35.60599318181818
35.611123358028586
35.62134221813726
35.631125738663776
35.63969164540816
35.65590917366947
35.66169674869622
35.6726554719917
35.68598229166667
35.696167839178905
35.70265736882716
35.71182460205993
35.72296571428571
35.73652446056548
35.742939573137576
35.75403976498638
35.76252501780627
35.77633343341956
35.787006797082235
35.79388451797385
35.816548363095244
35.82669532355022
35.83683630952381
35.85644123931624
35.86686372863248
35.87691844627942
36.10650965763823
36.11786101973684
36.13188902735174
36.14598149932004
36.15697857704403
36.16998628597123
36.18583381622516
36.19692367933471
36.20732470397677
36.23140134803922
36.242098704268294
36.25936588949843
36.27140179201977
36.281374621511326
36.29224849069676
36.29900585237455
36.31089920218764
36.320322596910664
36.33187935025543
36.33955819082519
36.350386115160354
36.361314875731
36.37156770833334
36.37843402777778
36.395924550000004
36.406628622102325
36.41365605751007
36.42341675275482
36.43414880010549
36.44465768277571
36.45481029135338
36.46452476851852
36.474719344239375
36.48545649733638
36.494646318855935
36.505032572751325
36.51327472302505
36.52555556765389
36.53758218537415
36.54522611486487
36.55624715289144
36.56538475241546
36.576630413925436
36.58625041243655
36.59651993471244
36.605325819370954
36.616770987165964
36.627198073965324
36.63593952889945
36.64595751564278
36.656961585097
36.66740825878065
36.675686352157946
36.685378104026846
36.695797709810876
36.70768388911076
36.71546300381264
36.86098303132678
36.872372747514504
36.88021170086544
36.88898036202186
36.9008136056797
36.91174581068841
36.92325303030303
36.92839803832116
37.064672885572136
37.07655508814103
37.084719679835146
37.09499092997466
37.104936342592595
37.11567125984252
37.13951032095457
37.15056464460784
37.16029349105462
37.175833349946835
37.18016931390978
37.19072610930736
37.20043280003069
37.21126377531153
37.21956236851332
37.23077699340528
37.24084038586251
37.25615311293436
37.26474551196809
37.27564962313686
37.28214912749288
37.29124164334577
37.30241511524823
37.31510464015152
37.32602884511457
37.33547746212122
37.34254679927302
37.35537221812693
37.36569590464548
37.375756794896894
37.3826062893391
37.39395232963875
37.40076930114639
37.41557910298399
37.42115649452269
37.43013064544808
37.440790804314496
37.450871037463976
37.46121677442529
37.46955587121212
37.481262542517
37.49579966856061
37.50483073997234
37.51057316033138
37.52069363023197
37.530441011456375
37.541428326682855
37.55098378518874
37.56070541666667
37.575611348343685
37.581029589160835
37.591242979622265
37.600687927413055
37.61103975694445
37.62072437230437
37.63429736842105
37.64046106133191
37.65100759991497
37.66155801212776
37.6715625
37.68069589902402
37.690673726851855
37.705078694968556
37.71094588803793
37.72436989653244
37.73458774313501
37.744848742903486
37.75103057399213
37.76484683641976
37.770137818504594
37.78527268586006
37.79541834886128
37.80120699213162
37.81488014608234
37.82149474597953
37.83066403362898
37.86455113636364
37.90238318690096
37.90976900684931
37.921111355633805
37.93091613247863
37.941654376827486
37.95086716954023
37.96129755704365
37.97090104166667
37.9833748961794
37.992608917952424
38.00261957404828
38.01245240048119
38.02350635569649
38.03543179563492
38.05182370169082
38.06338071895425
38.07546901068822
38.08427692011244
38.094338966049385
38.10428612179487
38.11457764705882
38.12459465787462
38.13085872395834
38.14061334325397
38.154544807692304
38.161568967661694
38.17485265644362
38.18191527777778
38.193777945882026
38.201818561676085
38.2134136502574
38.223124173280425
38.23324591468591
38.24117583446867
38.25305335485133
38.261307254464285
38.27383685932891
38.28162852523325
38.2918349877451
38.30161213768116
38.31283306458548
38.32006983604846
38.329876978094795
38.3412501722382
38.35000485367253
38.36040362795576
38.36990513695316
38.38067199712644
38.38982030178327
38.40468228285392
38.41117532343988
38.4211485306644
38.43157005866426
38.441076497395834
38.45179400433872
38.46133669201003
38.47140525793651
38.48306299766612
38.495478310502286
38.505348982785605
38.51535668022821
38.52817501293996
38.5419872481685
38.555866396949405
38.56699351313522
38.57613142123288
38.58744196966275
38.596576902173915
38.60738341773277
38.61686140873016
38.62661701773268
38.63658703282828
38.64674798387097
38.65695935283688
38.66652245016964
38.67687798438935
38.68696575956938
38.697289047951585
38.707989138493474
38.71739966168091
38.72768434254013
38.73723659321373
38.748950138088375
38.75742572989173
38.76816344178083
38.77762252532228
38.787942064606746
38.797823919753085
38.80791236888112
38.81823953891258
38.8285265600316
38.838814344098886
38.84866175795593
38.85859604285263
38.8688108182731
38.87845431430446
38.88776414473684
38.89772525
38.90937833605665
38.91814556623932
38.92844866877257
38.9383605628655
38.9488452974553
38.95901372697179
38.96871209537186
38.97935196995465
38.98897043378995
39.00004664606227
39.010790281791905
39.01927282801419
39.03074825223714
39.04006233936339
39.05059569209039
39.060155545343136
39.07099162946429
39.079957788275195
39.09064760430611
39.100399605855856
39.12215190972222
39.13353805162811
39.14322725591716
39.15379316775837
39.16482683121019
39.17375848317866
39.184990972222224
39.199397810218976
39.20503715204369
39.21516865636704
39.22517766527002
39.237978292153734
39.24509201779026
39.25585295329671
39.2635440326942
39.27758233506945
39.28791151277584
39.296358791827544
39.307392931177446
39.3179524009716
39.32767137557078
39.33462528254973
39.34762486111111
39.35786027131783
39.36768690814394
39.37518699615673
39.387542857573564
39.39549920827124
39.40783631097561
39.41597578397797
39.42608159722222
39.436235748106064
39.44559604481641
39.45642188757039
39.46656461298932
39.476810744545034
39.48675776222651
39.496530956916764
39.506738818807335
39.51726168785311
39.527670910493825
39.53682770445135
39.54790699019245
39.557033242561104
39.60404474372385
39.611157395716425
39.617482273391815
39.62421233803692
39.63129676516833
39.6380525128866
39.64441311848959
39.64921786077235
39.65778407023289
39.66267556754089
39.66938170783646
39.676551253903206
39.682891174623116
39.68929469339623
39.69648331159961
39.70247162073491
39.70925352254429
39.716343470982146
39.72260833023774
39.7288599673806
39.736452271840875
39.742772691779116
39.74919967808552
39.756553607723575
39.762879759933774
39.769369914422
39.77688440597288
39.78329008838384
39.788876527320156
39.79528571428572
39.80114731578115
39.808330788970075
39.814483953562345
39.82528059895833
39.83482528719912
39.844700378242074
39.854838328134285
39.86700189989518
39.87504185267857
39.88497600308642
39.898470207863056
39.938650809716606
39.95837816487241
39.97831840551181
39.993221840111644
40.01348311170213
40.03292743945869
40.09755179575665
40.117621883110864
40.13762940855181
40.15747039473684
40.18871156891656
40.20872237318841
40.333124090375584
40.342223583333336
40.35319559403153
40.36256595041863
40.373112114928915
40.38338436329588
40.3934355345912
40.40412182971014
40.41355098131822
40.421289294554455
40.433692140446524
40.44121522532729
40.45311921296296
40.46116054389313
40.4732028212743
40.48170047814208
40.49202387971698
40.50221010315534
40.5122585420927
40.52271651785714
40.53240089285715
40.54284739513235
40.55266257022472
40.56284484970674
40.57256070619336
40.58271420581656
40.59251035539216
40.602515611111116
40.61222085411472
40.622209506704976
40.63193710443038
40.64815945258848
40.66764130015432
40.687112844993585
40.706673611111114
40.72311785855004
40.743138580468006
40.96613085585586
40.97522261029412
40.986555078125
40.99724154621698
41.00518162474594
41.0172930659204
41.02644100215517
41.03652991038433
41.04579718137255
41.0585661645891
41.07045941091954
41.07922529761905
41.09028504353234
41.09918011251237
41.10989198825503
41.11952800324676
41.130018001152074
41.14006926406927
41.15008201034063
41.160550314124784
41.16998989614615
41.18102604166667
41.19004344818914
41.2012154564951
41.21035683760684
41.221226454160245
41.230499189364465
41.241112310606056
41.248686862244895
41.25926461762689
41.27033955536913
41.2803462815405
41.290512683054395
41.300097916666665
41.311101435614844
41.321363428138945
41.333888855820106
41.34404055258467
41.351554531374894
41.36420148401827
41.3742269408832
41.38428206775701
41.392668879056046
41.40434359126984
41.413830682305054
41.42449496187364
41.433758070250285
41.444546178476386
41.45312673611111
41.461488616385374
41.47334803011551
41.48108492123984
41.49109308651805
41.50130654342723
41.51107928540588
41.52134480042017
41.531203799460435
41.54144819151276
41.55136619105037
41.56157531631763
41.571555141437315
41.58211519479385
41.591880463286714
41.60191131191432
41.611935197368425
41.62184204278702
41.631670703124996
41.64228704440906
41.65242726661779
41.664672275641024
41.67260753412356
41.68497510964912
41.69306651985459
41.704492093766305
41.71460505793226
41.72416939405888
41.7347972074468
41.74408378343622
41.7545819993188
41.764344950768496
41.774671788674034
41.78474527777778
41.79462186860941
41.80471604869746
41.81482269144144
41.824896102941175
41.834924041005294
41.844812558851224
41.85497115384615
41.86526492968094
41.87532962702872
41.885120186781606
41.89511892361111
41.905139045698924
41.91531868489584
41.925307522123894
41.935558738425925
41.94546717171717
41.955732137198986
41.96589602411478
41.976126126126125
41.985956042757415
41.996007372526634
42.00619921875
42.01639672619047
42.02652229938272
42.03680942460318
42.04625595238095
42.057072282792426
42.06681666666667
42.0773962585034
42.086961926538905
42.09765929776219
42.1070143553068
42.11770773539778
42.12703556910569
42.137993067168345
42.14763841966967
42.15778370098039
42.167625
42.177790977961436
42.18779451438849
42.19808871904025
42.20823709329349
42.218110554245285
42.22838121890547
42.23822416431262
42.24826383463542
42.25836783333333
42.26856603593272
42.278914208801496
42.28975331165704
42.30291764937107
42.30932938432836
42.319809407552086
42.32965633716876
42.339710753367
42.350207506613756
42.36076847330729
42.37039615384615
42.380654493701556
42.39060551075269
42.401359953703704
42.411448796948356
42.4219437134503
42.43053376353442
42.44062828621032
42.45458098723724
42.461466266556286
42.47170744581465
42.481239991830066
42.491116242625374
42.50243384240247
42.51154783163265
42.52146828407881
42.53429411008231
42.542910837155965
42.55188076790634
42.563209858786614
42.573511076546
42.58387257751939
42.59323386437908
42.604025694444445
42.61316268631437
42.624153092191605
42.635771013969176
42.64588942510549
42.65600986661166
42.66642928791887
42.676369802819416
42.68674017110763
42.696439557210034
42.7069372820781
42.71667082307061
42.724184806910564
42.73439061088528
42.7444194882892
42.7571866914003
42.76778781702898
42.77726512096774
42.78835344127206
42.795890608359954
42.80573982747396
42.81550815217391
42.828329618863044
42.835570898212225
42.845528134735204
42.855931658496736
42.86624669384058
42.87634140488656
42.886419413716816
42.89867995030581
42.906704166666664
42.916760470499575
42.92676953125
42.938788804071244
42.947693497474745
42.957919358614234
43.121235863095244
43.13325529371585
43.14307275197629
43.153026232547994
43.16182232592943
43.17201396780303
43.18294986111111
43.19246180555555
43.20239237953139
43.315590619602766
43.325971044146826
43.33486329656863
43.34526291666667
43.35529693930041
43.365951013513516
43.376326952930945
43.38573462121212
43.395720323350695
43.40586858660131
43.41607470823096
43.426141910173165
43.43618827570922
43.446158668765975
43.456350745133825
43.466862381436314
43.476761320498916
43.48704323849105
43.49814564896756
43.507467113095245
43.51865630287648
43.52828793352601
43.53902889595104
43.549665620451236
43.55986933479532
43.57152539341917
43.58166553217822
43.59014023241206
43.60043553004535
43.61067452395577
43.62157992066895
43.631379118217055
43.64135098017292
43.65256580033003
43.664002777777775
43.67270232706592
43.68141356317601
43.691959466753026
43.70238662229938
43.71185749716553
43.72159390964241
43.731352641484946
43.74107313829787
43.75115444892474
43.761735586530776
43.77184416160081
43.781795704397396
43.79187720070423
43.80420839830215
43.81369973352714
43.82493094889323
43.833537422839505
43.84418343253969
43.853933626033054
43.864865898058255
43.8741163267085
43.884695990296805
43.89378056569343
43.90387308884297
43.91399105392157
43.92391635769774
43.933573515325676
43.94464197037511
43.95476357323232
43.965073611111116
43.974212114197535
43.984803712756054
43.99441504094412
44.00467380136987
44.01494471153846
44.02475626407658
44.03443613873106
44.04817302009456
44.05498584726444
44.068307705026456
44.074810543570216
44.08869270833334
44.09838487160853
44.104498553921566
44.114463242934335
44.12766429263566
44.13780364388265
44.14695243863049
44.15701775362319
44.168003587196466
44.17844201807229
44.18839639993027
44.19884179131054
44.2081796875
44.218406492248064
44.22832086748634
44.23862685067682
44.24860918824701
44.25900109805318
44.26651517697133
44.27903730413106
44.2864544499269
44.29897286626344
44.30665285852713
44.31942612737342
44.329725860352674
44.33905736502348
44.34783943965517
44.35933824309979
44.36806050347222
44.379010341995226
44.38803368506493
44.3992097160767
44.40801779513889
44.418992961711716
44.42830608974359
44.4384671803653
44.451802083333334
44.46202981046065
44.47190799375918
44.48246389725569
44.49194634911004
44.50239049145299
44.512200786271805
44.52248522882514
44.53185882352941
44.54200140224359
44.553021078844
44.56213238960114
44.57313952114428
44.583353165064096
44.59344478626943
44.60360542102967
44.61268933823529
44.6228835125448
44.63438016304348
44.6444162808642
44.65419184711286
44.66224243012422
44.674596712538225
44.686823434908796
44.69327753787879
44.702707122093024
44.712137500000004
44.722716754469985
44.73309477739726
44.742866843553465
44.75324613095238
44.76288448033708
44.77503931982872
44.783272094544095
44.795027126736116
44.80772871583144
44.81381451023392
44.823431451612905
44.83354536732456
44.84385441586922
44.854744770055326
44.864052083333334
44.87419219147583
44.88844641064257
44.894388194444446
44.9080562754065
44.91425554800725
44.92828705601093
44.93930369105037
44.9484264520202
44.954535300925926
44.96938113962472
44.978043154761906
44.98788636363636
44.99893664617486
45.005550367647054
45.01566041666666
45.02779335403168
45.03792311151079
45.04861374521073
45.05764794389979
45.068944836956526
45.07768412162162
45.086103621441694
45.0980041558722
45.106540538560715
45.116864050121876
45.126790776353275
45.13824974343185
45.148609083850936
45.157049226441636
45.16758438608156
45.17712302698575
45.18834268162393
45.197360579238925
45.20798569577352
45.217446736453205
45.228375475236334
45.237669438608776
45.247102814885494
45.25713713235294
45.26751113505747
45.27822877673797
45.28826591117216
45.29840914351852
45.306240253215435
45.31830734481293
45.32794818037975
45.33792157515992
45.348253643689986
45.35684375
45.366701766304345
45.37646923449613
45.38688520622896
45.39751282514451
45.40796780498282
45.41848557134571
45.42912609649123
45.438743933150185
45.44880251141552
45.45815039709424
45.46815866184298
45.55013672900263
45.56045321327684
45.569674715909095
45.58046658697632
45.59055876670844
45.60068870680894
45.61080487089202
45.621086977023324
45.63139604028698
45.642662135122414
45.653967105263156
45.66293895609319
45.67435477464332
45.68305372299383
45.69434283159319
45.70292071759259
45.714670183121015
45.72378870192308
45.73510125612745
45.743826693469785
45.75523703231292
45.76552462484035
45.77558743231047
45.78289572368421
45.795615795855376
45.80374656791908
45.81354436728395
45.82263204656863
45.832612155388475
45.8430404589372
45.85312531294707
45.862822916666666
45.87590401445967
45.888239166666665
45.896244772864016
45.9073990942029
45.916670691287884
45.92763499436937
45.93779839975846
45.94832827380952
45.95693127997602
45.96861233304298
45.978515331572765
45.98904398148149
45.99884251792115
46.00888699494949
46.0173861400463
46.02918427309783
46.039962101063836
46.048748895202024
46.05805840163935
46.06811332070707
46.07914205586081
46.089953365384616
46.09833433133733
46.10853745860927
46.11921006944444
46.12917353219697
46.13890625
46.15185905612245
46.1627536525974
46.17116228070176
46.17882439770932
46.18821691849817
46.19892852722772
46.211858765015016
46.21903946596244
46.23197172619047
46.2430462164751
46.253541616344606
46.26209231321839
46.273529552469135
46.28326114401496
46.293517536919836
46.30350173611111
46.310362384259264
46.32312652439025
46.33362724673203
46.342272282008835
46.35229770658263
46.36233432539683
46.37278305668474
46.382737898697215
46.39795202250608
46.402754629629634
46.41360277777778
46.42281299083769
46.43426672979798
46.444687539910596
46.45420741213152
46.46720127118645
46.47445212651123
46.48747804588607
46.49724734477124
46.50522222222222
46.51446664029536
46.563613755096846
46.57378308224756
46.58420813428875
46.59302868589744
46.604100996376815
46.673684436274506
46.68418847422062
46.691848107298476
46.70394043109668
46.71395995370371
46.72339962517434
46.73450628443526
46.743786040552585
46.754068560606065
46.76407594797178
46.77492971153846
46.78436958333334
46.79439402548209
46.80442080479452
46.81490886725293
46.82478464673913
46.834369496855345
46.84525208333333
46.85531169871795
46.865672374871004
46.875659094403446
46.88420044642857
46.89580379993758
46.90413010620915
46.91453734354414
46.923902907754005
46.934663522012585
46.94632924107143
46.95622681451613
46.966546750992066
46.98660687695924
46.99828928154206
47.00830309139785
47.017827266483515
47.026900963930345
47.038561418488165
47.04720581054688
47.05893903423773
47.06744565763052
47.07741260276532
47.08764333767361
47.09773675527903
47.10912671493903
47.11794921875
47.12942719907407
47.138069981386025
47.14858834876543
47.1569320652174
47.169029411764704
47.17671749772313
47.189151681286546
47.19800449346405
47.209209618794326
47.21811963652482
47.2270862091002
47.23859851190476
47.2478141025641
47.25995401278409
47.26919184027778
47.28031052927928
47.2896665030541
47.30112305402931
47.31015155780781
47.321216066549574
47.331957050800796
47.37403756911532
47.38109961734693
47.38779513888889
47.39371791666667
47.40121900562372
47.40834861111111
47.41330403177458
47.419781979166665
47.44977762372014
47.45985736476608
47.47080889917695
47.48013135822511
47.49256425
47.50042571721311
47.51207492816092
47.522430897887325
47.53233967151675
47.542521462527965
47.55119775763359
47.559704022988505
47.571277201417004
47.58018789225941
47.591128633720935
47.60030365794574
47.611182012910795
47.61988138717421
47.631082287117906
47.64077055481283
47.651028390522875
47.660821105072465
47.67089904379157
47.6809913310962
47.69097116864556
47.7011608270202
47.71107804608586
47.72121589052288
47.73375022743814
47.742002016129035
47.75392360294118
47.761658691406254
47.774006811797754
47.78401342353952
47.793970019035534
47.804074247685186
47.81349056818182
47.823762260324486
47.833558218302656
47.84374139079147
47.85327901785714
47.863743764172334
47.8730744047619
47.88387584296724
47.893239289906106
47.90387488162879
47.91329440104166
47.923496656976745
47.93335385416667
47.94384365219093
47.95318119266055
47.96288950664621
47.973290694444444
47.98343372252747
47.99394451320132
48.003491014631045
48.01533603395062
48.02377108494364
48.03509157986111
48.045063204887214
48.05515960331051
48.06536025280899
48.07546669600939
48.08561060244161
48.095677907250476
48.10576344178082
48.116075044326244
48.125977508291875
48.13504263888888
48.14630534372237
48.15618740443425
48.16635788398693
48.1757424284141
48.186579610107096
48.26778519880174
48.27576508956386
48.28810991915423
48.29603100961538
48.308310866013066
48.315985702614384
48.32810717353952
48.33791737689394
48.348088006756754
48.3582224702381
48.36821213942308
48.378435054347825
48.388376258389265
48.39908355978261
48.40845038728632
48.41984375
48.42904986702128
48.44075759180791
48.45175723039216
48.460850694444446
48.474100422597864
48.48424407894737
48.490955550254455
48.50518975903615
48.513976442307694
48.52532526629073
48.53495013888889
48.545043666666665
48.55521614583333
48.56461301523297
48.575502442722374
48.58424210858586
48.59428054617117
48.60435097222222
48.615184915413536
48.62374578488372
48.63559525343643
48.64398405612245
48.65233531746032
48.66370367324562
48.672473086349925
48.68284297263681
48.69277373866213
48.702853732638886
48.71285588972431
48.72308599021592
48.73318568121693
48.74337525252525
48.753417485955055
48.76320813172043
48.77346574384788
48.783343393874645
48.79355159883721
48.80360780267296
48.813622527356905
48.8237013671875
48.833849754050924
48.84339563106796
48.85430445675106
48.863422941033136
48.87434987113402
48.88360801174497
48.89924510327635
48.90456514303483
48.914072744490355
48.935252784653464
48.94635810185186
48.9556075634058
48.96524981060606
48.97599364316239
48.985626211240316
48.99566727228682
49.006574975775195
49.015713516505635
49.02585967261905
49.03789322916667
49.04520963541667
49.05624446321322
49.065658187984496
49.075564087301586
49.08565811567164
49.095786193502825
49.130714375000004
49.14306171085858
49.151789778265105
49.16286720938375
49.17560257352941
49.18258915960452
49.19406548423423
49.20311331300813
49.2401220703125
49.25042578933747
49.26028203405018
49.27165340909091
49.28221149344569
49.29497199074074
49.300929067460316
49.31050553678679
49.32519906426554
49.33529172979798
49.34494704861111
49.35513708333334
49.3646583488806
49.37544841269841
49.38507492201426
49.395574875356125
49.40548467495637
49.415276250000005
49.42536398809524
49.43548892888307
49.4446015530303
49.45475331740977
49.46466041666666
49.47459266304348
49.484521890096616
49.494418249999995
49.5038916015625
49.51402004262926
49.52395504981884
49.53417013888889
49.54436268939394
49.55444165772533
49.56436254084967
49.5742251059322
49.584237680523024
49.59429941939891
49.6042269428839
49.61405786564626
49.62444216513292
49.633971143018016
49.64327521551724
49.654295797413795
49.662916232638885
49.6741673696319
49.68372528594771
49.694685649323176
49.70469592875318
49.71380470113438
49.723976680107526
49.734087820931244
49.743753350389866
49.75792398648648
49.763953340729785
49.77805673209367
49.78401649305555
49.79806465729783
49.80429026442308
49.8158211622807
49.82479450757576
49.83877834302326
49.84522201086956
49.85843098958333
49.86893863932291
49.87826517857143
49.888862708333335
49.89544050687285
49.908600297619046
49.91569202302632
50.09036186594203
50.112414262820515
50.1304885358473
50.1396247206258
50.14994289568345
50.1590686416185
50.169304207119744
50.179098958333334
50.19216967398884
50.19953167866941
50.209036739864864
50.246189171810705
50.26332609463277
50.27033595272904
50.279367872807015
50.28972999631268
50.299440328366444
50.310054817708334
50.319419025842045
50.330302327856025
50.33976860754986
50.35016581050228
50.360005015432094
50.37022593641115
50.38000804924243
50.3901512636612
50.399808457711444
50.41013527199074
50.420282266260166
50.42961221122113
50.44207766439909
50.44955501760564
50.46217171523517
50.4696558694825
50.48169867979243
50.49013030660377
50.5018143134278
50.50942727623457
50.52159314236111
50.5296909192112
50.5398386399371
50.549365050448436
50.57890559895833
50.59470549242425
50.608463682432436
50.630076652298854
50.6930368872549
50.69952595134875
50.706671844181464
50.71339217931937
50.719922226482616
50.725977828212294
50.73282769607844
50.752958384146346
50.773197798295456
50.792247844827585
50.825986592902716
50.845414794007496
50.86507468629344
50.884683645013126
50.90559237258953
50.92617763157895
50.94076677259887
50.95029143646409
50.962984428694156
50.97038644729093
50.980626644736844
50.990668836805554
51.00288874217527
51.01276572253433
51.02295039464023
51.030205454355105
51.0430004789272
51.05230127355713
51.06249443922306
51.071414528145695
51.08277179982818
51.090870364310646
51.1019732545045
51.16618010831382
51.18588563948306
51.220916337719295
51.230772962707185
51.24106808333334
51.249437593843844
51.261150132275134
51.271087736254294
51.28116280594406
51.293030292145595
51.30123223039216
51.31213320427729
51.321334344660194
51.33191145833334
51.34048616803279
51.45422645478508
51.47437738787375
51.49572759433963
51.51309640269152
51.533430492424245
51.54200712719298
51.54812723214286
51.5552859375
51.561691406250006
51.56794897273426
51.575475852272724
51.58107721560847
51.587224060457515
51.59701663011696
51.608196373456785
51.61640739275668
51.69279914077213
51.711065393518524
51.7485526002895
51.768242745535716
51.78829664855072
51.84141945621469
51.86178460451978
51.9401191873849
51.9602331970405
51.98087519290124
52.002114033278325
52.01974681372549
52.0397382973251
52.06019333333334
52.071867472627744
52.080747583967046
52.09178734061931
52.100873540988054
52.111610730593604
52.12111176801802
52.13106193891491
52.141136574074075
52.150785214237516
52.19073866817399
52.2100505050505
52.22337325450451
52.23679627808989
52.38900020032052
52.41098200757576
52.427822349344424
52.43880128968254
52.44543055555556
52.452450412326385
52.45976996527778
52.46542356824417
52.47233855830671
52.47943332415566
52.48750585637481
52.603500486760126
52.65230459169454
52.65974232784431
52.67224574666153
52.68235968959732
52.692173354640154
52.70134375
52.712275383141765
52.719324954710146
52.75216067351598
52.77142123538012
52.791093953583065
52.81125991014799
52.83114987664474
52.85114353813559
52.86207431071871
52.87122693986131
52.88224575330442
52.89128162202381
52.902562899736644
52.91143833590535
52.922146363941025
52.93180726246106
52.942184329710145
52.95172247208436
52.961984075956934
52.97212686524335
52.981988793027746
52.99199921383648
53.002067773167354
53.022194700292395
53.04169323875256
53.061348278985506
53.0812666767636
53.10064006322365
53.120416125000006
53.13019352324263
53.14044755116959
53.15022360938792
53.160626493428914
53.17105987318841
53.180570556239736
53.19190403183716
53.20045198170732
53.21184139492754
53.220462644867546
53.23067962011669
53.2447132936508
53.2516497983871
53.26394082602339
53.270613208195826
53.31926095545977
53.33929013535995
53.35864945428336
53.37877573390151
53.389801398291425
53.397706635462555
53.41011006944444
53.42032070707071
53.430348637271685
53.44035899962463
53.45024614936181
53.46067273206751
53.47050462962963
53.48049759408602
53.4905331861834
53.500598288381745
53.50998158060453
53.519365778688524
53.52932999917164
53.577152225012874
53.596982816301704
53.61736064189189
53.63657953381147
53.65663832364341
53.67621875
53.714078940333614
53.752350694444445
53.761360355166055
53.77303403673113
53.78015625
53.793660299766195
53.8038819508626
53.81349652777778
53.824031031976745
53.853352501707654
53.872206213126844
53.89688310185185
53.91997350146199
53.94164795353982
53.96138148508431
53.986658539377295
54.00654465996169
54.01650025100401
54.02673282545605
54.0361650152439
54.04657164514867
54.056729069010416
54.0666964765745
54.07543356092437
54.087231845238094
54.09683873945148
54.106833765859285
54.1165038377193
54.12602578703704
54.137348780621174
54.14613256369427
54.154975789573825
54.16582219202898
54.17499339320271
54.184813722613455
54.19460889479906
54.20496335323203
54.21400049097665
54.22496949404762
54.233984286723164
54.246171617161714
54.25680360155196
54.265205101211585
54.28528449031717
54.30456348466004
54.324246597096185
54.41413339318286
54.43330827191988
54.452365331836326
54.4709849537037
54.49337704838459
54.568634781504066
54.609240573712505
54.61957666517324
54.6292030377095
54.6396930465368
54.648932872718056
54.65941961248786
54.66950450608614
54.67930135869565
54.689257067092974
54.699324801344744
54.70966194444445
54.737577517667845
54.7598072143377
54.77921702029521
54.79777933902878
54.81643991834171
54.82680265077821
54.835351988137084
54.846814765625005
54.85951446026723
54.868494920613564
54.87907066073159
54.89848810158843
54.918075367647056
54.93729459208224
54.95628850281232
55.02157561399773
55.03176467505241
55.04090324312715
55.05117915045396
55.06093396739131
55.07147166280864
55.080621943612776
55.091297281598514
55.10035706018519
55.112305158236595
55.12103716777409
55.13173714826839
55.139725453470035
55.15098310862279
55.15985618651893
55.17128153011205
55.18022796908894
55.19048774143768
55.244754816308244
55.26384498737374
55.278671735395186
55.28370260416667
55.29388255111524
55.303802936422414
55.31491298924313
55.32490296420582
55.334993634259256
55.344953793960244
55.35357216183575
55.363648539442465
55.37368140210778
55.38243151806989
55.39610298521673
55.401822127344055
55.47883837508884
55.49817987707535
55.53115060897436
55.542166056547615
55.55139798324456
55.561551322115385
55.57460546181172
55.58150311147187
55.59428731796117
55.601863208333334
55.611788022497336
55.62193722741433
55.660685707364344
55.67072080128205
55.680772688356164
55.69056319855358
55.7006602195576
55.74419711976321
55.75542324006374
55.76467803423236
55.774866360405326
55.786214663643236
55.794197397994466
55.80506678011552
55.84634429112555
55.86548812830688
55.88544161424143
55.89461337851405
55.95169953616888
55.97150187779591
55.9903805465368
56.08132983947733
56.10076721582985
56.12003726059494
56.12934580725545
56.13969553970917
56.14850151779774
56.15833222853536
56.17056588990661
56.178301207165106
56.19093665051248
56.2009404645874
56.21075890909675
56.220901185675885
56.23040894541779
56.24004325
56.25014279904905
56.25934752004881
56.267386146986475
56.2788434367168
56.28715526335762
56.29714392605634
56.33556555316092
56.355072895429835
56.375228724449684
56.38357145745429
56.394196863464934
56.40356578760509
56.41505412772586
56.42279817708334
56.43543152777777
56.44289663461539
56.45564034985498
56.463748753561255
56.47520039146868
56.48390295675831
56.53858673469388
56.55623508070102
56.57544735791826
56.596589663368256
56.614600726744186
56.63450584608844
56.65418640900121
56.67413338823817
56.68421891992931
56.69354624728556
56.705452573872925
56.71565955565806
56.72560958850932
56.73606703009828
56.745962814690884
56.7559182260479
56.76551265350877
56.77545183379758
56.78482052925211
56.795573437499996
56.8032699459094
56.81348435769657
56.82382453051643
56.838030274100475
56.8562197124938
56.87542908263792
56.89464280230835
56.912559494141306
56.93393029978136
56.96630528474903
56.9858001048144
56.995694593253965
57.00582572898165
57.015860437118846
57.02568915229885
57.035714816097254
57.04604559046085
57.058371902909826
57.06614900662252
57.0860611750731
57.10580130878615
57.125627764352664
57.1444015494429
57.166131847993825
57.185689540743894
57.19965476614435
57.209538882551065
57.22448786458333
57.229753387791284
57.239694980943554
57.25014211538461
57.26022450290438
57.27026034675615
57.28006796900556
57.29047484070465
57.300044991134754
57.309897632915174
57.320192960349466
57.32952067719486
57.34009237308429
57.3497036423841
57.359863832389294
57.370504035285286
57.38002100791434
57.39973998917749
57.422765627185626
57.44238023540812
57.46033925653595
57.47863395288671
57.501309656692
57.51987467387968
57.539122823033715
57.555815350734974
57.57691625548246
57.596064805226824
57.61552384689922
57.660559689922486
57.679593101390616
57.698602535140566
57.71808113289513
57.736534566589384
57.77704955424886
57.797345916575445
57.817467425847454
57.83684903470186
57.8567169757326
57.86664691091954
57.87704471899225
57.88722284836066
57.896450945626476
57.939035383266535
57.96234833073292
57.982716674648785
58.00179832060646
58.02036035011831
58.040588427766735
58.05955029859967
58.07535757076436
58.09596251062925
58.11817604758522
58.138251479772556
58.157768538647346
58.177048663755215
58.19733715516145
58.214301212121214
58.235965447651665
58.25391034342959
58.27286307595392
58.29272993421053
58.311722546296295
58.33079422634691
58.348959201958856
58.37000262147832
58.38973596100554
58.407360450178736
58.429214041804634
58.448929594748854
58.468653302845524
58.48778100288929
58.50594472402597
58.526863340435604
58.54579444556271
58.56503045886076
58.58472844215415
58.603970346980255
58.653710120010786
58.68898297831352
58.69784643199233
58.70802720734127
58.71777228296885
58.72791796045647
58.73735088431944
58.75209476317123
58.75779147172498
58.76791080729167
58.77788244047619
58.78930078570614
58.79845895655271
58.80946615901422
58.81976421915167
58.82758169622161
58.83775740903756
58.847752455186885
58.857566858280734
58.87776732096982
58.89784929757344
58.917743909610216
58.93777825180129
58.95914571963336
58.9823614206503
58.99986190810594
59.019794518491835
59.03846702724359
59.058771625408355
59.076742971560606
59.096680542742924
59.11585042302193
59.135828999582294
59.155006604929014
59.17460316076538
59.19428948542963
59.214442752100844
59.233124675745785
59.25166344486824
59.27215106732348
59.29214749343257
59.31159790762835
59.330534341429015
59.350379964192705
59.37016756588999
59.390317996484555
59.41008768218148
59.42954100958565
59.447795490855
59.46725331913827
59.487017955043854
59.50706115430622
59.52697471859114
59.54725805995476
59.56712809592228
59.587579250318676
59.605391419491525
59.62524031784188
59.645141979023386
59.664398786407766
59.683715753840914
59.70068770604396
59.723626663669066
59.74256951441366
59.76224816461055
59.781069903774295
59.79975708333333
59.82000910639413
59.843892001028806
59.85966631076832
59.87958912037037
59.89928637350706
59.91711290442268
59.93652934319509
59.95362635840108
59.97719259071063
59.99013362930504
60.00721175941307
60.02756490024354
60.04671799633936
60.06563266591383
60.08889020377762
60.10417448394496
60.17237933980626
60.19121125419765
60.21270918445122
60.23525486111111
60.24969479790419
60.26944194659136
60.28900218644974
60.30787771535581
60.32847696635472
60.34779727564102
60.36779928557154
60.38972954835665
60.408704942214115
60.43067472826087
60.44958545326065
60.469062565450294
60.48835924331016
60.507308821614586
60.52482798681
60.54280738839593
60.562646062077704
60.58221760835709
60.60131792953668
60.62076245491019
60.64083533521475
60.66068442996568
60.76481886812715
60.78345429295277
60.802544077768346
60.82199628479369
60.84072299017206
60.85941988425003
60.878989148032744
60.89847374849669
60.91857835068714
60.94076690121413
60.95969532516794
60.98028026185771
60.99962314562163
61.01904628200732
61.03871443500539
61.057598242551215
61.0798581088137
61.09466349543081
61.11503102887288
61.1347525880717
61.15408553722121
61.17205366451209
61.191212541689204
61.21072626278772
61.22957181393992
61.248527831850204
61.268182287759444
61.28529362533563
61.30402903323002
61.3232602146242
61.34281887600806
61.362085729288786
61.38010956996435
61.40021667002147
61.41906485139202
61.43786006115532
61.45783918460925
61.477115144362344
61.496737800940274
61.5153471965496
61.534372898249266
61.553239858885995
61.57281851889248
61.5924378591954
61.612587571027674
61.632313650105154
61.6516176191766
61.66924878132832
61.68677033227848
61.70690336099167
61.72716886904762
61.79576937270517
61.81440193540434
61.83361322947841
61.85210255201189
61.87155164007092
61.89171810028248
61.911480640681
61.93118786323584
61.94909820586975
61.96847081877911
