File type = "ooTextFile"
Object class = "PointProcess"

0
88
2091
0.20079232210688058
0.21039339087674552
0.22093656735789566
0.2554993934731353
0.2681039186742381
0.27648111464401626
0.6091816193382341
0.6153830486398577
0.6216205558717123
0.8678018217292711
0.8812401275191971
0.8953230031883952
0.9106099850953456
0.9215151583553263
0.9338871173562744
0.9456507020033034
0.973389089997119
0.984227519282859
0.9976960147144271
1.009804412891222
1.0246148574644278
1.0405097644740768
1.0522602571865924
1.0656064237774017
1.1473972995097923
1.159095053702654
1.1755459281437088
1.2097975913224517
1.2287778418782105
1.242390709758241
1.251293275384736
1.3038527959587063
1.3178810517611192
1.431799733782787
1.4488257573777794
2.04528065699131
2.062274055668275
2.246050551948159
2.260392675961044
2.272607485661622
2.3086142057040857
2.3200641789198952
2.334641639848667
2.4145133922024486
2.434760838872746
2.4684503336003383
2.4866852630714287
2.524827668588109
2.5379712976076996
2.5653386967683547
2.578364080307502
2.5876101203532316
2.599852376608581
2.6096453576815053
2.621784551400617
2.6327008826551888
2.6440355371514803
2.6622710960297495
2.6756031271979297
2.6874690256559575
2.699845903747209
2.7092422098611912
2.7202585850041596
2.731427785211932
2.7431954112602415
2.7528423669102495
2.7665805584264103
2.7758057853668623
2.7884187695958564
2.8030899604689314
2.810018771239096
2.820202078800682
2.832552553515138
2.8430291622652666
2.8550829923550514
2.86549644375353
2.8780228618737955
2.892274136066633
2.9042927555386897
2.9124493488396537
3.349443643489565
3.3665607210468753
3.38120197863628
3.3948435990361694
3.4257276225362294
3.4390904331551617
3.452400888030295
3.4764566074943644
3.491450186118369
3.5034568076775647
3.520938020286197
3.5353202196990225
3.5455766001000755
3.5650639785001075
3.57968859730319
3.600686022875724
3.617366275682207
3.629827123644772
3.653947217398109
3.6688367816211747
3.698973083166598
3.713549147400454
3.724466217156307
3.743977162272899
3.7578288567598714
3.78824131348512
3.8027521324554754
3.8122306665340178
3.8335735372900395
3.848039360210475
3.860148448980918
3.8791129153139394
3.8959506529157304
3.9080482515948938
3.925620302936928
3.9415199943823906
3.953492159635312
3.970599747136357
3.9873243667282905
3.998430897085542
4.016190812515366
4.0328993551991195
4.043243155196124
4.062247748357585
4.098968300776174
4.114263728197071
4.143498487416745
4.160697722222363
4.174403363534726
4.1892308460265
4.370908655917352
4.89171471584981
4.9071257352043265
5.169051312491212
5.188085612487306
5.207697249735874
5.449284483058518
5.468221007164335
5.622040057825148
5.635342834246576
5.656218954176619
5.673416993042166
5.684856330083815
5.700504000355121
5.711832406689721
5.727705085255403
5.741119770432597
5.74869336618042
5.762026784079167
5.775461252123068
5.811936873744524
5.8307739740107305
5.844676017410303
5.8956114906013735
5.914867259351825
5.935377446951553
5.952766467016715
5.969859161205475
5.988587534931172
6.007324083482201
6.025813518012178
6.0467276370433245
6.0632443187358795
6.1945509336156945
6.208885905745689
6.225297550482423
6.240834717849141
6.386180703536049
6.481974887283545
6.4932223479257445
6.508098157176214
6.526221336099181
6.535630404723417
6.547105398090648
6.562100929979527
6.580293123071394
6.589251744790407
6.600485097182907
6.615563883453181
6.6343628397813434
6.643024914257547
6.654522098434725
6.6691905470354
6.688095252714102
6.69635640012156
6.7100562238626615
6.7225421196037844
6.741882244851794
6.750373523471518
6.763019225351088
6.776740556728002
6.79583780962842
6.804094052920398
6.817083418442899
6.830304915640227
6.842277603227885
6.857997747759445
6.868955649223434
6.885094698563049
6.898484668525364
6.912248837137293
6.926036983232119
6.941245312443163
6.958576875733649
6.966980018117161
6.986491576910993
7.003310917617225
7.0133660322799445
7.027331542163274
7.04158784595167
7.058112325859042
7.068534843539302
7.0813260681198935
7.096659736271845
7.112145475438146
7.122622730601903
7.13626888918767
7.150779545582019
7.166881241254871
7.177309014938885
7.186789276116821
7.2052664245666636
7.223391047687679
7.32349077421554
7.337536140863622
7.3508946870769245
7.362285956704235
7.487101871478296
7.503262109046668
7.514607569498388
7.5294102586867675
7.541450309605827
7.5573085256857375
7.568390656510298
7.584135463999055
7.596124985160069
7.611705793396472
7.623046802738228
7.638977768440715
7.6507356412440854
7.665891697413113
7.6777816659369345
7.692709177158958
7.705402443315897
7.720213566033778
7.732212714227381
7.747487061321197
7.759731292959925
7.774593069853534
7.7862553150010365
7.801819885478844
7.813819406951689
7.828673453573874
7.840629307126655
7.855862574107085
7.868277511031433
7.8824374695388535
7.894409137168513
7.910005583120207
7.922705015584094
7.936988006457794
7.948241278006053
7.964936955312041
7.975948612015055
7.991790797412349
8.002437304161349
8.222299539283908
8.23907796882963
8.2496854254374
8.26313011890991
8.278034911104319
8.293847406251334
8.303613288934269
8.912071383708673
8.930840679318093
8.947305880067093
11.95791343202015
11.971158863252494
12.047537460606337
12.061704543708617
12.075213440524001
12.088979127118916
12.101490681816225
12.116352638396194
12.14635646947748
12.156938757885559
12.170709264273896
12.185582457163282
12.19726303426245
12.211653754334861
12.222234848119902
12.23916870553567
12.252313265340254
12.265506780200893
12.279615839448924
12.293252926014878
12.306139756409962
12.321030971371833
12.333494734413335
12.342399902180214
12.364987591645898
12.378907651123805
12.39570257242621
12.406310986255146
12.414591226437032
12.425725320739742
12.4356562285134
12.44767078896698
12.514871841647517
12.528023648752908
12.539305823369055
12.554726799758818
12.567434823010533
12.581000184607763
12.594965646418991
12.607420465777116
12.619511482940664
12.634543828814268
12.649125065023673
12.658711168507484
12.673408546435693
12.68859505127385
12.700597948612808
12.713681716138726
12.728531687217675
12.740869237803967
12.753603932187888
12.76810606148647
12.780759248933887
12.793489100537387
12.807402950105985
12.821084703188406
12.828871880373516
12.841765333641332
12.85374966005978
12.866177944236455
12.881914230647016
12.893604258764087
12.905316211638109
12.921920193430068
12.933954016482646
12.945645489411573
12.961817553259548
12.973458536342548
12.986902741737348
13.001720665036153
13.013742496959226
13.02674166347338
13.034915141665934
13.047755560452549
13.06119883425801
13.073599812692702
13.087719514063984
13.101435865112679
13.113497438617078
13.128320670147202
13.142088993334765
13.154150613642994
13.168633350060077
13.182327575044042
13.19513640483396
13.208595377795284
13.222864419057368
13.235743533935015
13.248581338586815
13.263444982376836
13.27673011142997
13.288782464780306
13.304292441885572
13.317445531018322
13.329289901761522
13.344855762758181
13.357987414568578
13.369323242695632
13.461814247575042
13.736808929636753
13.751748284143586
13.767918618673214
13.780413005505787
13.798421188681514
13.823209164919566
13.839156326100833
13.852544887426507
13.866289605016506
13.880204830475915
13.902197221864148
13.919233372557013
13.932608733852355
13.947712673476728
13.962020491296416
14.239582144490667
14.251197154465899
14.263201288069405
14.279615249813961
14.293323587349763
14.325708061238203
14.338178369704101
14.352269734303492
14.41195733756217
14.479788167806364
14.493607580730947
14.506085599258897
14.535820382658208
14.553092045144492
14.566085534791705
14.574394671903875
14.587736532902115
14.602970717665137
14.788303395235292
14.80324866983252
14.815104767461056
14.830075760045814
14.843707955675335
14.858479895761645
15.017243988507063
15.02708024135558
15.036803407684824
15.045949150057387
15.059688590547646
15.069683984823891
15.093002389272023
15.106896050141794
15.117207924395318
15.125189019541711
15.137859213764985
15.175735055527175
15.187681390346844
15.199994240919443
15.220009454845659
15.234863504184853
15.245516963840462
15.255037103259665
15.261972610545026
15.26801630910365
15.276130650162836
15.350170008203623
15.569274873615793
15.581008028303476
15.59305388601133
15.607231673490123
15.678510710504337
15.689554196667245
15.699937683156389
15.714608670518867
15.725198597368694
15.736471394250202
15.742498341675963
15.784414994480224
15.791946539438346
15.804851370292718
15.82004222987615
15.831826573653208
15.84080237169352
15.85495204973153
15.86753976084602
15.876994312973483
15.890788681644146
15.903905595979783
15.914749579182114
15.926365365390915
15.93866919492218
15.947703668842598
15.961969434819343
15.975470688491114
15.98400221496748
15.998300312554948
16.010503940334257
16.191933372534535
16.199261818249216
16.207669158136838
16.21555320619242
16.220372076132243
16.27788756837058
16.29288451121603
16.350373898050698
16.3644047077838
16.377099517369402
16.38939415902371
16.400516872053725
16.416858566432335
16.4318105875989
16.444741631235388
16.45358327754166
16.469021615200052
16.512848751340663
16.533500443467762
16.548668318219793
16.568543208802062
16.58551025988756
16.60605025008933
16.621746495779476
16.641378954383057
16.65761913138498
16.6765654675384
16.69424007083716
16.713841748718764
16.730220533186767
16.750165664114864
16.766472128501604
16.78571351962241
16.802454103625212
16.82228995310714
16.838347122669383
16.85821157280003
16.87428063250101
16.8938493506947
16.910165765241043
16.929492476968388
16.946064771904503
16.965472914576086
16.98198045949549
17.00142784126173
17.017781903763158
17.037421505368997
17.053807458119262
17.072920729067718
17.0890063749946
17.108842023120804
17.12551706658151
17.144819682232086
17.16155885766517
17.180317516098086
17.19720982245393
17.21667408830409
17.23393909157643
17.25323916235594
17.269756625215834
17.2889775441555
17.306220639380335
17.324248102447374
17.341765250008258
17.358346156279733
17.37719601592182
17.393644598621176
17.413654701392694
17.42951543403304
17.449774790736164
17.46549375922772
17.48622716491497
17.502431479673948
17.522361731431953
17.621292182060046
17.638981522275426
17.809596394338694
17.823524935811506
17.845428649948353
17.864993120739477
17.88196086880351
17.899553263668206
17.917817343250295
17.93495970697073
17.94977117404609
18.11547357521701
18.132387783421027
18.149910131587777
18.25899154587754
18.278592964416244
18.2969155662141
18.311519979235023
18.323495290969156
18.334056463192432
18.343068705781715
18.356560933043166
18.36942736188871
18.384625238563647
18.399727701177735
18.41621871562628
18.430338683697858
18.445857212381174
18.462160339720803
18.477763465222573
18.501441315882843
18.5164274528087
18.534461176452158
18.550023512520912
18.561559971487345
18.574101688193263
18.618507595084104
18.636809745238562
18.65278411143339
18.68501471582198
18.710799110999506
18.73036836067191
18.777093680637197
18.848416482164883
18.867978709487776
19.000569313518422
19.01220127760659
19.030751623324644
19.04589948522029
19.05753027150232
19.083900391024148
19.09789237865569
19.10805551777357
19.12933240401117
19.143019359489603
19.15342969542159
19.175239234235853
19.188538521274975
19.199647600077473
19.22082410699227
19.234115416848336
19.244368008770916
20.367094711431253
20.389246837258877
20.41266143181362
20.537321696651272
20.56032240006845
20.58314758332688
20.61713992943258
20.640009188542496
20.662450924048542
20.788046660866478
20.8109384646205
20.83351515417677
21.837198073625487
21.860242978410717
21.883184631631597
22.965761294406118
22.98593819844722
23.00368756106708
23.02693888165195
23.050056532770945
23.07136371944418
23.09458413425686
23.11656034408896
23.137477879953416
23.161165241676777
23.18850143965523
23.205974826379038
23.229235106687128
23.251156939290677
23.273319739304988
25.42775209696284
25.450697437810835
25.473020204057054
25.58764649665138
25.609812136484493
25.63229987741616
25.723517827181258
25.74637367136154
25.76833296035058
27.715510368202278
27.73912925945721
27.762006110410724
27.898553697125305
27.921050376076636
27.963534041910325
27.98526703188624
27.99869353775806
30.720770739770074
30.720770739770074
30.73415316817771
30.73415316817771
30.73415316817771
31.734516800482293
31.75212851535853
31.969744896739986
32.23552583996562
32.255174668924845
33.75458690971565
33.758608840411384
33.762627255866555
33.76669030974766
33.77069248350446
33.774740056199946
33.77878823877481
33.78285089264647
33.78688738310644
33.79095151763442
33.794991821247855
33.79892212046713
33.802844425255046
33.83579232512179
33.83925987255769
33.843631649614586
33.8474129359594
33.85120666541846
33.85522692688113
33.85850964927841
33.86242769056931
33.866240773803085
33.87003242013469
33.87385295604021
33.87768726871526
33.881419135488535
33.88527274745272
33.88760709200549
33.891007245748696
33.89393427192787
33.92960330932165
33.95252894761486
33.97547479427628
33.99844214523009
34.02296033339081
34.047498822513276
34.070389395870734
34.094000723951325
34.10001037536935
34.10608517707961
34.11310259950328
34.1205221273947
34.1265419676775
34.13263106387023
34.13785569509675
34.142671393530364
34.1486158527007
34.153532260908854
34.15879866447187
34.16362768675598
34.1685308839636
34.17381900263512
34.17906481201964
34.18431469780664
34.189617122882616
34.19498029149348
34.20030020892926
34.20566326938715
34.210598481812426
34.22644150924017
34.25093014869483
34.27545404293531
34.34092933619897
34.36545740117844
34.388395747248886
34.4113555917393
34.43429563040659
34.570864960203515
34.581911461605266
34.606529553351216
34.617885763090946
34.63104019765914
34.64134530866719
34.65321626783832
34.666484722009166
34.67621680159515
34.687289275269315
34.70162719194845
34.711453098058406
34.723883107218256
34.737360751626994
34.74737000473779
34.75953658124323
34.772856137444286
34.78251675511355
34.79401622061099
34.80794591207364
34.81816540031117
34.828879007812525
34.84323277339801
34.85303981261605
34.865243653537775
34.879110144511664
34.88890513335171
34.90033651311484
34.913608996214485
34.92408882645567
34.93413475524583
34.99079450190215
34.996701890302084
35.02643362116979
35.03443266886566
35.04421925229305
35.33696767664777
35.35214325996025
35.3625308887416
35.37390490863817
35.38778497175558
35.39865028187998
35.41063220449096
35.446837173627706
35.465754539765925
35.48313171734391
35.50210978056278
35.51952791114391
35.53860823951668
35.55588424448982
35.575081269047026
35.59359342612801
35.62468837133545
35.645896897492385
35.66102718873378
35.68181980205982
35.701630005703066
35.71755333010543
35.737235799734705
35.75360803649625
35.77239365794218
35.78982399590563
35.80899527873087
35.82609036224405
35.84499324720258
35.863139576669695
35.879102065023346
35.89873701410761
35.91532419849258
35.93499654101279
35.95153721427646
35.970857175918404
35.98746732465961
36.00680000084634
36.02339468299982
36.0424344333074
36.058905636122745
36.07798800425773
36.09531925045013
36.114101496260524
36.132027563426405
36.15179056143777
36.16773937075244
36.18759295628604
36.20265658055138
36.2193775381734
36.23890161871601
36.25592528637686
36.27537561869878
36.29629694967652
36.311597349059454
36.32900882062691
36.34888335251441
36.367777202053325
36.38389319636849
36.4012368476528
36.41989688572083
36.43602974474632
36.45406849107727
36.47291227133295
36.49198536918318
36.50966783486858
36.52852375092362
36.542475490820024
36.562555220508756
36.582882119924065
36.59705714688502
36.61828109577025
36.63351433645474
36.653865008752305
36.66970809490537
36.813571348712884
36.833226902540815
36.8504657686168
36.87034978910982
36.91339396494932
36.93112609072035
36.94925620681854
36.968090334843396
36.985904201342734
37.00428016298329
37.02199530168659
37.0400359880083
37.059542843509696
37.07446819606128
37.09776458428097
37.111865130447924
37.14157191799022
37.15987002230973
37.1757469906566
37.260501909132515
37.27007175471167
37.2825737031101
37.29538141293996
37.37321212702835
37.39051025705924
37.41876541520398
37.4334422127121
37.462384927705045
37.480563980175845
37.49862412537639
37.5159601534195
37.53381935223775
37.549861963147244
37.57081808037597
37.61856630634679
37.63304423490086
37.65504919699211
37.668405674186516
37.68876765049777
37.70369543382314
37.72042232218558
37.73989344559489
37.76051837135726
37.77614528667633
37.78608035038154
37.79939179071618
37.8102812130963
37.834428831279396
37.85573636968026
37.876404156072184
37.92081853086405
39.41296944131325
39.42791893343497
39.44484466134037
40.17437457589866
40.17791341062799
40.18109940372677
40.18449003682255
40.18795380842395
40.19158582590829
40.19499231682426
40.19822996598025
40.201613206113436
40.20465783041661
40.20808042664068
40.21185944433137
40.21528379801969
40.21850029741626
40.22157560229165
40.22469385641749
40.22752952005162
40.25329769698268
40.25676176534414
40.26015770375807
40.26345145670589
40.26703954260658
40.270254687334514
40.27372124137397
40.27712631233055
40.280553888816506
40.28395230824174
40.28734190768864
40.290727531679664
40.29410649953355
40.29740669566316
40.30099226312922
40.304217229627945
40.35413735289951
40.36113100736239
40.3679307924399
40.37499819574524
40.38139861915243
40.38875729548857
40.394856203064236
40.47366533395697
40.49220641302776
40.51269313117054
40.53219755352189
40.55312204890727
40.5727813505296
40.59261420052021
40.61314652328976
40.632670724560334
40.652674283692924
40.67235973977092
40.69275341642459
40.712450115319506
40.732850180325386
40.75238547056339
40.77307074873141
40.79264670065667
40.81296764989797
40.833161760793146
40.8532453828162
40.873430001522735
40.89351291639322
40.91385425234504
40.93378983579415
40.95406283151202
40.97412299242547
40.9942596367363
41.01437009059908
41.034525353591896
41.05427750468129
41.0742581629959
41.094533775075476
41.11414983583025
41.13448508345425
41.154383702193456
41.174603338177754
41.194656300430786
41.214790402883004
41.23473325222519
41.25478418084431
41.27499616747284
41.295122075075554
41.31510241204799
41.33540105494468
41.3554556672116
41.37553343236793
41.39588030946311
41.41640459917109
41.4365063420862
41.456755591647806
41.477412317158645
41.49773800323404
41.51845514358761
41.5387873062536
41.55908044174975
41.57945011342615
41.59969529434702
41.62004035861813
41.64003379898229
41.660314954219636
41.680594360332115
41.70066466303153
41.720983485107936
41.74121887818465
41.76148416891045
41.78172794714017
41.80172832758637
41.821796030623865
41.84176241196876
41.86190551019003
41.88199297736182
41.90203051673328
41.92214071112204
41.9419774644485
41.962171264759704
41.98243493080799
42.00256795596487
42.022421303611175
42.042480898336684
42.062684400315625
42.08293160538774
42.10328760090021
42.123274577963286
42.14326741454793
42.16384749867083
42.183885631158105
42.20417108273627
42.22414214312944
42.2441290982893
42.264837362643604
42.28476973890536
42.305518482967116
42.325704970659366
42.346062153452074
42.3659638509665
42.38649233372414
42.406522197605085
42.427038553031124
42.46762113936959
42.48765276135313
42.5081829310842
42.528510734300674
42.54814803458194
42.568403854828425
42.58701292994376
42.60955344562047
42.6289462345701
42.64744483945668
42.67014444057128
42.69075570165288
42.70803945903693
42.72881633009719
42.7508769212011
42.760771459515496
42.78057642999748
42.802390603634265
42.82236028815442
42.841188451841
42.86246639401969
42.88269958894351
42.90269033287149
42.92221658884071
42.942598888155054
42.96293378991213
42.983221843594436
43.002730971213836
43.02333924160738
43.04347783585989
43.06454294034899
43.08394234750498
43.10484907823796
43.12499642408542
43.14446786290346
43.16520932594182
43.18549446234392
43.20549465390107
43.20549465390107
43.236442193167036
43.25623927015932
43.2759702480088
43.295494412275325
43.31629444167639
43.33413230496665
43.35675468358658
43.37641535118273
43.395404111696585
43.41516803359683
43.43426030429068
43.46662879584623
43.4835646491217
43.50569438766072
43.520546098568374
43.548569836330635
46.5845956510573
46.608884127773365
46.62445191729365
46.64894506825825
46.678206955074195
46.695692319023856
46.71940940481073
46.74742493018458
46.7693655105719
46.78666618071858
46.804915897180216
46.822546575157595
46.83923157259778
46.85968778107146
46.87802006406431
46.8948563989218
46.912125841888475
46.92651892286644
46.9484162241997
46.968765588490825
46.984555000214144
47.00169315490342
47.01571386972958
47.03928443387235
47.05597130344017
47.074086278296726
47.09153971743364
47.10932768386046
47.12715094268605
47.14484330160604
47.16253428952067
47.18068352989732
47.198388857777324
47.216246280090665
47.234022053317744
47.25178041810551
47.2699420343588
47.28775630955335
47.3059257745619
47.324003661760486
47.34239274446589
47.36054512629994
47.37844877745645
47.39667384025429
47.41467025826064
47.43276895999136
47.45078216935039
47.46902586049763
47.48764855743052
47.50541410695253
47.523882917168876
47.54207027065947
47.56098473408265
47.57846703144975
47.596825230802025
47.61496051057807
47.633805295942665
47.65161169310617
47.66939174284008
47.68752319499053
47.70531020467287
47.72348372694567
47.74124191670224
47.75974569310038
47.77753895703565
47.79535428631439
47.81372100026901
47.83119775048616
47.8489495753777
47.86848145854767
47.88562882158827
47.903465515606506
47.921260231757785
47.94102720926944
47.958588675461115
47.977160026019774
47.9952684052793
48.012544727394456
48.0296354544773
48.047935904062165
48.06525561636436
48.083315777266314
48.10080064242624
48.118351056888265
48.135934297296714
48.153819586549616
48.17146544682262
48.1886452024995
48.207825701709254
48.22412221477984
48.24189710760856
48.26033029552181
48.27851502453151
48.29632540786695
48.31487876332184
48.33296831715999
48.351026747543514
48.369236921976665
48.38739767570718
48.405869869168
48.423799912814715
48.44366454511027
48.46169907132603
48.47878156883689
48.49672897063996
48.515482133694995
48.53316290351384
48.55183007265292
48.57025577266209
48.58874614175454
48.606589962529874
48.62385977968002
48.642265685111624
48.661412906654284
48.67936379154128
48.69558747750523
48.71415267669319
48.73102618453356
48.74911965116771
48.76522418874251
48.78389454773301
48.80225157509208
48.81976516054357
48.83830235929268
48.8561270407851
48.87374980064083
48.89208166616376
48.910141024757934
48.9280657140076
48.94612298998954
48.963431761585746
48.98166713523337
48.99233389606235
49.01747929196877
49.03621920540609
49.05256919557708
49.07111049040071
49.08947477675218
49.10736157700354
49.12440860291068
49.141773164675215
49.16023998799335
49.17781424373529
49.19531573024372
49.2151093384042
49.23192700248287
49.25111363515334
49.26765289212759
49.28397751532285
49.30725241587068
49.32466476391352
49.34062358109299
49.35870055189114
49.376522123562275
49.39481601836544
49.41287334201698
49.4313594884123
49.45035938145962
49.46018061237448
49.48593637443607
49.5024088634431
49.514552546386405
49.5334398542866
49.55825902134968
49.57109412973101
49.615077128615745
49.6274612728166
49.636476490847535
49.6688377330146
49.6873295451168
49.69869117096649
49.707024621451055
49.72310431646541
49.73292085212161
49.75217972443121
50.295389726285244
50.307618267023514
52.61414441140025
52.69645848937113
52.71329971272074
52.732498877115916
52.746856679572275
52.831516319997846
52.840476278793865
52.850859311887916
52.8566812004061
53.008742664283545
53.023884519188115
53.035874324903624
53.05038303108011
53.06271453747476
53.130916846473404
53.14365547763507
53.15741923045725
53.164989359786254
53.184440827307924
53.19727166636972
53.21111088757972
53.22354789986697
53.23768245534852
53.250705056791745
53.26444789351964
53.276825010785046
53.291103181139846
53.304089925017266
53.31743587242326
53.330175557486456
53.344328002487636
53.35747499551087
53.37021062693526
53.3834653952065
53.397248380459004
53.410673638627756
53.42333723099023
53.436875279096455
53.45051348000891
53.46413604524985
53.47628301505601
53.49011348095471
53.503380214320345
53.517267492298856
53.52945028183684
53.54348157113298
53.5565329588155
53.570614430773816
53.58279935291614
53.59685792991231
53.609884374437364
53.62373009311114
53.63632800497665
53.650457257100314
53.663651442167925
53.677342828841475
53.69033172921707
53.70399577454727
53.71761144970566
53.73088069742384
53.744564023039246
53.758011212733244
53.772359597044286
53.78538451908153
53.799633671154105
53.81214660783872
53.82950477841401
53.83976094839939
53.884500304048096
53.89441994972903
53.911560342742824
53.92151544655574
53.9385716166166
53.948934622373066
53.96550047518508
53.9756401326873
53.99261886218478
54.00307933056623
54.01939104438496
54.02936584391183
54.04602784242755
54.05691739265923
54.07328842837836
54.083261792889026
54.10488550969965
54.120043013518384
54.51186463905951
54.52590488598438
54.539073164188196
54.55339044254467
54.565944504784596
54.58040154220903
54.607557760039114
54.6202757357324
54.63459055836234
54.64743455330277
54.661573626477036
54.67470479819747
54.68854022788442
54.70193411083615
54.71539532667443
54.73030966242655
54.74235258113215
54.75717480596501
54.769124537116966
54.78427237308806
54.79611893993291
54.81128289575624
55.85288111927199
55.87025701159339
55.94934145996274
59.01587194570448
59.020057322137994
59.024088659083056
59.02810192440353
59.03212826299724
59.036093096875256
59.04016271424551
59.04467136082707
59.04893962909769
59.053203372928806
59.10543812255697
59.10937880806
59.11344284636336
59.11798208069831
59.12145264620474
59.125507802851565
59.13007486822811
59.13391530489141
59.13780353438738
59.141729259009765
59.145854021366326
59.149906304430175
59.154164270994436
61.468164317003314
61.4724624361386
61.47694078078306
61.48123159975482
61.48562524092875
61.48982320616942
61.494215744166404
61.498602980249025
61.50288235222784
61.507191355786816
61.5116039584671
61.51586682080591
61.5201521227784
61.52438999482323
61.52889321544502
61.533133208518876
61.53738558412645
61.54173126709581
61.545824708057815
61.55033802435008
61.55449400227491
61.55879328369869
61.56311429366203
61.567448341326006
61.5717231514013
61.57595173507796
61.580302236256486
61.584545151982894
61.58873125722935
61.59300375092678
61.597285219169244
61.6015554792072
61.60585370861615
61.61018325235915
61.614386578737594
61.6186032119728
61.622924611066615
61.62711540834229
61.63137515832862
61.63563611968661
61.63994220639926
61.64418451867695
61.6484087294535
61.65246176376218
61.65668341480507
61.660962563818615
61.6652474451389
61.66948073004453
61.67370542160655
61.67794252317906
61.68215660317162
61.68641778034042
61.690639699015605
61.694866244427914
61.699103521242755
61.70328947808767
61.70755988112394
61.71171154534496
61.715972737422554
61.72019981968617
61.72438699424293
61.72864154243073
61.73277732128021
61.736983138013755
61.74117887874478
61.74526310938978
61.749488930243174
61.75368718823968
61.75777220869085
61.761931694994786
61.76619865794299
61.770396668903025
61.77454310050546
61.77865825284485
61.782819579163615
61.78698290817338
61.79110780840413
61.795254921731285
61.799408498897684
61.80353979777498
61.807678260003556
61.811799955497264
61.81591626443086
61.82004508160907
61.82416872295489
61.828370350273865
61.83247584530985
61.836595194770446
61.84070275536065
61.84481845380887
61.849149356259964
61.85324627258217
61.85737084102238
61.861399573806345
61.86550246007453
61.8696096969505
61.8736980089465
61.877823055360025
61.881885339360075
61.88591965794142
61.89003288369389
61.89412874981863
61.89824072584364
61.90231514068308
61.90639996058865
61.91046243461901
61.91454222487861
61.91866233634793
61.92271626864101
61.92682366058981
61.930894194633424
61.934975664439605
61.93906585447345
61.94313691540486
61.94702482658694
61.95109832781511
61.955189787227525
61.95926597256495
61.96336338703059
61.967446290317326
61.97155588663352
61.97564241916207
61.979691544396154
61.98379369049309
61.98771015532707
61.99176193355768
61.99578275967882
61.99983861226805
62.00384343726661
62.007637334843196
62.01132526115313
62.01529386588416
62.019253653759066
62.02336234779784
62.02732094400658
62.031444669137585
62.03546079880728
62.03942891261967
62.04342136538967
62.047686689216505
62.051685380838855
62.05550142908795
62.059717074484496
62.063727816514266
62.06773539278366
62.07160231731031
62.07573319722051
62.07973036208296
62.08372389471712
62.087735190811294
62.09175984677636
62.09574858696172
62.09971268600507
62.10368547851834
62.107684429145706
62.111652291817364
62.11563933183678
62.119637120004185
62.123619792483886
62.12759470525026
62.13158666754697
62.1355728664645
62.13981844959503
62.14379565259786
62.147745612941925
62.15169881543108
62.15562524416906
62.159621827108005
62.16359769462481
62.16755023189239
62.17150765222124
62.17550622045633
62.17950003720984
62.18346335152465
62.18744549237694
62.19141526264864
62.19540323066771
62.19932478010402
62.20320718015321
62.207199194035454
62.211167400163426
62.21511916025475
62.219084443133475
62.223431492743686
62.22696380148232
62.23095500056466
62.23489290056878
62.23896547121474
62.242961468120924
62.246918277521445
62.25090078506274
62.25485713898768
62.258817868100934
62.26281672487494
62.26679770505769
62.270774841519426
62.27495108909394
62.278519317433144
62.28242729402993
62.28625203621447
62.29020695577855
62.29436967763207
62.2981694459121
62.302127812163384
62.30606551599262
62.31005383548447
62.3139818196849
62.31794026647748
62.32172547843721
62.32565615101444
62.32958400885134
62.333534942562835
62.33747618292856
62.34145760312018
62.34540269653917
62.34935067405353
62.353297492291986
62.357310007487584
62.36151814192058
62.40245393196936
62.41252705417565
62.42946032607232
62.45225340721787
62.50528763314927
62.54155582559184
62.56261609895856
62.586623086933535
62.615830913474916
62.639563075859655
62.66103596488955
62.68912579046025
62.711465746102135
63.097937971354476
63.120416065472746
63.14236735374574
63.19757830749332
63.220808463207376
63.24451762489079
65.35600761277712
65.37079056837818
65.38222333182834
65.39541727909224
65.4077014022159
65.42524619685422
65.437990874218
65.4510020224519
65.4680136691423
65.49244457745502
65.5088679066967
65.51930689571766
65.5348049332158
65.54896396560338
65.56288018884867
65.57623770946145
65.59028771275585
65.60538004487157
65.61515040265537
65.67319853130743
65.71390507466366
65.72961245100528
65.74685935869739
65.76316747499922
65.79401236159832
65.81017407654599
65.82939021931244
65.85009939773155
65.87008241148986
65.89402539464733
65.91111204295986
65.93501943243275
65.95452638914573
65.97488711786013
65.99410741989149
66.01448225118386
66.03367496855479
66.05433946752716
66.07426062482719
66.09428680065588
66.11410640369945
66.13431465443611
66.1541099347229
66.17409348521798
66.19406008000345
66.2136999702695
66.24506254833605
66.26472956080532
66.28400593459749
66.30429093906616
66.3221302657181
66.34436970822625
66.36237893979835
66.38458124077302
66.41404386181185
66.43534153744831
66.45422489193196
66.47629184159977
66.48667558070885
66.507026215105
66.52708772086994
66.55835831675978
66.57649584342929
66.59960975868545
66.6199394448012
66.63986941009334
66.65995479067406
66.68021579502788
66.70014046648336
66.7201236598524
66.74011583227903
66.76043102796885
66.78069419608838
66.80108605599855
66.82088519748291
66.84212972905101
66.8619572772549
66.88279647389528
66.90262822099174
66.92289142711888
66.9431957710592
66.96319069514999
66.98313532126353
67.01341698109863
67.03320779215561
67.05348178250317
67.07381532055135
67.09387675555179
67.11398761736905
67.13452367906856
67.13452367906856
67.15468450730292
67.17478575299066
67.1954948332715
67.21562687751529
67.23594055670647
67.25617198789656
67.25617198789656
67.27678171812565
67.29682663197816
67.31708551654535
67.33727315783932
67.35741935304802
67.37747968260689
67.39639354148926
67.41604769775525
67.43798304784652
67.45656899629047
67.4777103602301
67.49826906084543
67.51792569045041
67.53843888478619
67.5597721223019
67.57922004741418
67.59935706877506
67.61995625997429
67.63999047664595
67.6592126521903
67.67954896035444
67.6993192055785
67.7198215289634
67.73877133267086
67.75921039766781
67.77935419481571
67.79927442473056
67.8190328214176
67.83909390415597
67.85860097453906
67.87995693382986
67.89960501245045
67.92093816110592
67.94076724784821
67.97117431276838
67.99110737805037
68.01121685236633
68.03139368682535
68.05180652577135
68.07120339363422
68.09196009323718
68.11164291952737
68.12950383850624
68.15307456151636
68.16748477765766
68.2350828032734
68.31383812569949
68.33304069384181
68.35567955874055
70.3682612416242
70.3904620245188
70.41308868770315
70.64934611095981
70.67021315384407
70.6930692255141
70.7262958192753
70.75001695741983
70.79485663684297
70.81614266546599
70.83921061762494
70.86086961083976
70.9057760430232
70.9280432209407
70.94793110895375
71.06747868869851
71.08830882229987
71.27646206965619
71.28935008245503
71.301786026975
71.31328926940877
71.32587195782659
71.33733343028321
71.36815057242661
71.38175342059067
71.55532127802883
71.57356794276083
71.59487610713158
71.79643928637302
71.81159767336533
71.82314810853448
71.86372267502715
71.87806962090032
71.89041608485086
71.91097942301668
71.92405863825418
71.93925054861893
71.95080252418055
71.98450639340548
71.9993267254583
72.0119589694942
72.04545974854788
72.06053725025741
72.07242411604825
72.10566534590708
72.12111896396992
72.13278171636873
72.15199172927218
72.16608578256032
72.18175076511571
72.19306737842099
72.5231504058036
72.53100606924637
72.5430832995464
72.55406798995782
72.62207201550375
72.64249490298148
72.72076495257662
72.73238147975628
72.75163675366001
72.76230819042388
72.78168837126128
72.79116674413262
72.81073110002193
72.82833043604288
72.84217188009336
72.85270792375627
72.8711478830706
72.88883517336113
72.9015931710545
72.91911188472535
72.93200270040725
72.94916214961141
72.96424702571969
72.97892126604391
72.99460936363842
73.00926582765787
73.02581670930627
73.03974122924821
73.05409063273589
73.06988789505534
73.08711662174407
73.0999189678004
73.11433975788758
73.13030710967878
73.14778647496783
73.16062911778684
73.17469341791994
73.19087729085432
73.2054363686701
73.22127120802884
73.2355464705133
73.25168819128443
73.26629066967297
73.28250118551085
73.29670272867557
73.31477012006054
73.33069425675772
73.34626096865213
73.36144189862135
73.37027043270237
73.38882995162467
73.4068969751239
73.42061267656946
73.43663845251741
73.44989280582759
73.46707664388425
73.48029457785984
73.49683292423654
73.5100480609183
73.64992516818657
73.66913216398252
73.68901460060655
73.6999681913034
73.71061386765552
73.72081993060647
73.73116213903461
73.74154476480341
73.74994102978691
73.76234654075414
73.77110620910443
73.78045609561647
73.79231374224399
74.05931186704183
74.07374569040746
74.08766467107135
74.10199657742331
74.11116173857418
74.12828822287263
74.23018663353228
74.38503095391793
74.4059429374317
74.49081790467037
74.5097100398457
74.57310820604127
74.66843679716771
74.70376001294039
74.72309333319205
74.7409180590874
74.77782190932906
74.80082045153304
74.82043854713565
75.14517638659176
75.15963192678751
75.17372471678966
75.18538675641987
75.1957441849899
75.26658230268889
75.28101717745874
75.29530222444133
75.31291691229644
75.33355389051768
75.3509637678067
75.36221843269679
75.50146066654263
75.52165813719387
75.5842012027346
75.59224962144731
75.60045587828104
75.64689341856823
75.66443242152077
75.67460858887291
75.68623850643095
75.69463294903811
76.12570798520962
76.14125574590238
76.14886546070959
76.15607916214425
76.1810128883052
76.20122403008465
76.21910649350893
76.2361307400783
76.25318363799283
76.27170325227632
76.29161730876717
76.30669181110527
76.32377661722931
76.3446220754808
76.36433023885289
76.38057467912029
76.39834417027043
76.41166297758768
76.43295405893359
76.44769454440804
76.46594437853177
76.48008966245072
76.50104147807997
76.51749453511032
76.53485622367508
76.55086476436112
76.56621649417839
76.5858040745314
76.60250509937109
76.61905126030993
76.63173219350776
76.65102444796376
76.67156187952965
76.68678722632842
76.72210714964537
76.7384001046803
76.75645049492668
76.80663846037314
76.82617112421458
76.87574563822895
76.89479537766127
76.94396860256755
76.96405369253799
76.97640386751128
76.99347024265573
77.01217502349179
77.03295021468048
77.04991782133499
77.06529548205506
77.08231736872227
77.10228141210705
77.11454012970655
77.13063681913539
77.15083625619836
77.16213604971125
77.17922723359872
77.20288443902672
77.21913139494998
77.23721279257619
77.25512668366851
77.271284586549
77.28635853753222
77.30465974049801
77.32002520872398
77.33958532619745
77.35584649353778
77.3711675761615
77.3874326485826
77.4411022899492
77.45777843123406
77.77819277024714
77.78641867963499
77.7952497179078
77.80556547021122
77.86396571141753
77.87863635183186
77.89437740714203
77.92717508727027
77.9422745707549
77.95855327426982
77.97122145093599
77.9856264040166
78.31804054018463
78.32867144784773
78.34191497350893
78.92615168012671
78.94277013242201
79.00988710105624
79.02960235114877
79.06119396561375
79.07525408316613
79.0863790021313
79.10019584843447
79.109050453324
79.1267185165288
79.15105143072392
79.17225244519213
79.18428545721834
79.19598198306697
79.23436417985789
79.25312240082756
79.2690003757788
79.28603277657568
79.30158458468283
79.31553699796171
79.33798380691452
79.3527528652983
79.37206457366649
79.38331643735462
79.39771109403463
79.42904731882349
79.44273015886333
79.4580863927255
79.47419500628386
79.48775073142
79.50317945814051
79.51937376653487
79.53308412974869
79.54858870173953
79.56463628210973
79.5826238308868
79.59448865057907
79.60979398443477
79.6277681337308
79.64257128255639
79.65811600510959
79.67835708222555
79.69425748390246
79.70839579868277
79.72357332216579
79.73872963809036
79.75271983587331
79.76877988183634
79.78449605775567
79.7987469522033
79.8124446384731
79.82994379846888
79.84422392498811
79.8899348721925
79.90883924077417
80.12805827297447
80.14721339991709
80.4191509232089
80.64493878141477
80.66265329809198
80.94098947596257
