File type = "ooTextFile"
Object class = "PointProcess"

0
30.053166666666666
661
0.02730083748615725
0.039735357704402514
0.05162856198589894
0.06401624806426635
0.07596442773167357
0.08832195284697508
0.10035433518074695
0.11242207480818414
0.12460742806632527
0.13673716683825213
0.14892625551876382
0.16098413727524205
0.1731562080818243
0.18528109590729785
0.19761365571776157
0.2099886143410853
0.22154690700907229
0.23386092659688676
0.3118737645085238
0.3254188351920694
0.3370210154732167
0.3493777118815896
0.360263615376057
0.3717169149995369
0.3839660187400319
0.3964045656536697
0.4080648391222402
0.420384081380657
0.4325468273918342
0.44457000064800417
0.4568431454248366
0.4690557635688684
0.4809653989018088
0.4933178612697118
0.5052169331395349
0.5177047857025338
0.5295364464149505
0.5417989141116352
0.5540285047584187
0.5662286673679717
0.5782252218934911
0.5919964628764278
0.6042299966942624
0.6162268358085808
0.6283482982420278
0.64053654433481
0.6552674214699604
0.6674402975250132
0.6795936633448874
0.6918692695599022
0.7051332372322899
0.7162860941142191
0.7280985003408316
0.7403892361111112
0.7524615163543293
0.7646224376114081
0.7771300671185539
0.7889524518140589
0.8014417691256831
0.8132817039373088
0.8252916666666666
0.8376199484392418
0.8500847963975329
0.8616780523255815
0.873852306547619
0.88605052278402
0.8984024913194444
0.9102183619188248
0.922452481816775
0.9350140062271933
0.9467893368205869
0.9593012387387387
0.971473536036036
0.9836188181464174
0.9956277378030641
1.0078866589026916
1.0201157993759176
1.0322070851488743
1.044333979110512
1.0564538990344248
1.0686208333333331
1.080712560602448
1.0931003431523751
1.1050789762977262
1.1172954600192675
1.1294181547619047
1.141624104584527
1.153821785366193
1.1658836101882613
1.178096892820114
1.190127704748247
1.2024291642185663
1.2143789046805944
1.2266073316841288
1.2400224514563105
1.2523756168626627
1.2641512946543303
1.2748331458868893
1.2877217223650383
1.300632316243194
1.312182388716356
1.3247739231078903
1.3364564705882351
1.3496285056089743
1.3612299091072713
1.372862647804054
1.385070308346624
1.3971864292398501
1.409896870782726
1.4221202553165182
1.4340724080684784
1.445948064946619
1.4577046472496609
1.4710321587456594
1.4812932404076737
1.4937486302493437
1.5063681756324045
1.5181594341339155
1.5302265107615893
1.542503501246517
1.5544740765254663
1.5681200838027065
1.5788932106973994
1.590403479695106
1.6024463833333331
1.6168993293378993
1.6271936238714815
1.6393160803393212
1.6522329698741005
1.6643428094431902
1.6763101090399608
1.6884463822001887
1.7011542545180722
1.713768242494029
1.7955835418479835
1.8077954090389015
1.8199370934358365
1.831904285541586
1.8441092653227187
1.8563933947028421
1.868513319904675
1.8803710991083673
1.8940350163567492
1.906178599757372
1.9182972400174951
1.9303733081451806
1.9424896123289257
1.9547668205256152
1.9669747753850542
1.9788413058920291
1.9923940494597283
2.004513672302473
2.0166000093890832
2.0290852713178293
2.0423626618543134
2.054570907617504
2.0685868055555554
2.0811510964363213
2.0930036136249366
2.1051110610430186
2.1177501219115733
2.129514023769885
2.1418169085892513
2.1536788179465054
2.1676028583117204
2.177852525752773
2.1895227951510887
2.2016465132724106
2.214228317602452
2.2263407962543993
2.23803664914066
2.2501558596799374
2.2621526145418325
2.2744000156780286
2.2865455881397763
2.29890368852459
2.3108113467937086
2.322695514287167
2.335200962611607
2.3469906813453534
2.3591946961291907
2.3716005570938816
2.3835094463675595
2.395467372167789
2.407918402777778
2.4199628880349606
2.4322393911242095
2.4442046133456747
2.4570440462315464
2.469044249390058
2.4814623568986023
2.4933840697547085
2.506026078015952
2.5181720530626777
2.530176560097386
2.542458962846826
2.5545717444838454
2.565319636009977
2.5788828537446284
2.589983021129261
2.603116674508574
2.6153540476893786
2.6270706740522374
2.6391811759956942
2.651194327979913
2.6636914141414136
2.6758846717928786
2.6868090474504247
2.7001032179546147
2.712319167778625
2.7244269760003434
2.736557865029664
2.74894215210356
2.7603132454867825
2.7732336797024297
2.7840070201769844
2.7974185340386746
2.8083370818399045
2.8215267045454544
2.8325922590264345
2.844532595927956
2.858152280724339
2.8689783352895146
2.880667909807956
2.89275738232682
2.904793796773867
2.917357615546218
2.9292034443938473
2.9412801535087714
2.953455403645833
2.965559802827381
2.977613443200663
2.9898942040749104
3.001950788499286
3.013947119642224
3.0261335014262425
3.038238216648291
3.050047057748538
3.0626537329615857
3.074766528654048
3.0868001652502355
3.0990770488980717
3.1110469861308676
3.1231740849324803
3.135314972277391
3.1474502435064937
3.159655655974202
3.17184830335896
3.1837333558423366
3.1961420339412356
3.2081442397078352
3.2205253641848146
3.232395759240683
3.2445307585938927
3.256559611933602
3.268627004716981
3.281131721805366
3.2929351706917114
3.3054888204490656
3.3171541046910753
3.329431892050298
3.3416673421501706
3.3539146416298475
3.3656535147511186
3.37819991537021
3.389828110923423
3.402113024376417
3.414494536950784
3.426663442610539
3.4384270298397137
3.4506286244292235
3.4629175340768272
3.475040780141844
3.4868974444774934
3.500393670255183
3.511605130323054
3.523786547170435
3.535921621991247
3.5479618541580895
3.5611441662191194
3.572299395997511
3.585423769199122
3.5960888935031377
3.6084601125194773
3.6203595479812076
3.6343556810514044
3.644528033779717
3.6566372704802257
3.6686971168851437
3.6813352098651957
3.693114944083694
3.7054692831159053
3.717602662149735
3.7293800921499893
3.7416249911648287
3.7536444142512075
3.765793270303436
3.7783869078050443
3.7900605150510907
3.8023167179064186
3.81467117847638
3.8269016017250634
3.8385363886028148
3.8506092296113845
3.8621666591780492
3.8747619737393695
3.8865158510885434
3.8990494791666666
3.9105335996240598
3.9227316347270613
3.9348268024581854
3.946875303862121
3.9592150454812205
3.9712972606966535
3.9831444397658
3.9957596783323486
4.007797544562477
4.019518694871248
4.032141082670643
4.0442401399491095
4.0564773222902755
4.0684055869403775
4.080654364775051
4.092633807644952
4.1053272630391175
4.116949807950696
4.129072131208857
4.141234893701683
4.153288923371045
4.165092280982906
4.177542454558781
4.189427097922502
4.2018715461980545
4.213850539226644
4.225939698389218
4.238216919660289
4.250213605967079
4.262496532115344
4.27445161472448
4.286965223393574
4.298777010718377
4.310847758438818
4.322731902135854
4.334949981884058
4.347039079400197
4.359426502576449
4.371873844523214
4.383607417728238
4.3957680506304175
4.407945070132014
4.420120796783626
4.432075537580386
4.444284658802639
4.456701064395499
4.468343329326923
4.480910425320181
4.493148528143619
4.505131197807933
4.517456663381516
4.52908338402271
4.541649175105176
4.553746230865665
4.565896808676655
4.578001495726496
4.5901435571763916
4.602309395094379
4.6144838654448215
4.62655545865633
4.638807715247867
4.649846372377623
4.661768626412429
4.673896286936237
4.685821321031502
4.6980664860016175
4.71033349309816
4.721982415501166
4.7345931892104085
4.745863331428261
4.759867661968348
4.772061749055956
4.784321902268761
4.795059119820231
4.806291151280504
4.819488353934078
4.830543934888685
4.842590265233622
4.854841213261022
4.867842019868606
4.879482940683135
4.891007500000001
4.903176987308751
4.915242935522732
4.928071337762467
4.940220539366054
4.951900872475856
4.964473862942613
4.976584038130734
4.988621015818992
5.000729672330097
5.013045595785708
5.025176639498602
5.037271265523568
5.04948023152355
5.061383310733071
5.073640386652542
5.085593953004466
5.180382139830509
5.192027489071801
5.204642230260207
5.215959541896869
5.228016252510041
5.241025647999694
5.253235674603175
5.2643649077277965
5.276509143518519
5.288568479702162
5.300814649252911
5.312776696135653
5.32512364888424
5.337505453431373
5.349132638888889
5.361646961134246
5.374440064291323
5.385520597754835
5.397335612807464
5.409683230329612
5.421611100819996
5.435174752663623
5.447482459600306
5.458316750983699
5.471457469512195
5.482128946233257
5.494748673287096
5.506361039244873
5.5190296257062155
5.5311373746867165
5.544279779192732
5.55494782782516
5.567201008064517
5.579193075913862
5.591691486938032
5.603447805909977
5.6160259455719554
5.6281028117054905
5.640119373206599
5.652875105218856
5.66601917573981
5.677411137687188
5.689994791666667
5.7034574115044245
5.712675073646895
5.724712704398895
5.736813913367133
5.750467765378844
5.763112795015491
5.774780222210659
5.788829709788221
5.800951332566126
5.812548994371225
5.824755649514501
5.836847821661237
5.8491641176730225
5.861051818215448
5.873089679945733
5.8853003063725495
5.897463308805266
5.911224685077519
5.923215604663775
5.9353345936214
5.947621855677347
5.959566007926307
5.972033328461939
5.984082830921757
5.996290665228704
6.008321741342736
6.0203385811367385
6.032494476866932
6.0444714748329496
6.056424018199234
6.068769380381304
6.081795172479634
6.092791770863103
6.105930567853863
6.117299308090025
6.129224706360881
6.142361776421945
6.153289253400184
6.165321599092048
6.177619532492616
6.191112778513556
6.201965910148976
6.213918278301887
6.226277298036995
6.240212751851061
6.251875016284523
6.264191883724889
6.274272429568193
6.288860707831325
6.2990211639702105
6.310979575406262
6.323434663018434
6.335111888011897
6.348006408650635
6.359545230564723
6.3715519957369775
6.383658508590048
6.396923794612217
6.408013399412629
6.42007298151751
6.4323279845872525
6.445500755130752
6.458026872783688
6.469841467065868
6.480751458296084
6.494009473270441
6.504997807017545
6.518509662271494
6.529505565976959
6.543987317308527
6.555114174357848
6.565771004746836
6.577646318797159
6.589742541152264
6.602037341718002
6.6163214956738665
6.625988065816857
6.638465029761905
6.653272901585661
6.662384618355995
6.674629617352406
6.686851695172247
6.699037594225119
6.711194128787879
6.722697501431844
6.734667418454704
6.746560330564559
6.758999555642868
6.770839957075193
6.783963464021241
6.795020555628159
6.807799940442826
6.819420945529743
6.832547911537409
6.843901588983051
6.855706825245155
6.86816774175364
6.8801690518542475
6.892001742055132
6.9043658986500365
6.916246645086321
6.928647421003717
6.9404926183343845
6.9530295131271025
6.964837889672588
6.977051703454895
6.98925692945831
7.002420321724908
7.01371051974013
7.025840089670312
7.038229944395454
7.050345591374893
7.062547073035488
7.0748393395390075
7.086798057786945
7.0999018175452004
7.111051732399309
7.1231950440528635
7.135420985772358
7.147507320179927
7.160170960050687
7.172654618106394
7.184286971307727
7.196817310293105
7.302598884335155
7.315308244223205
7.32574060384309
7.495417397450643
7.508267316972693
7.519671950580458
7.531983221915148
7.544127029220779
7.558863872817702
7.569986900517338
7.581940105504194
7.594438488924051
7.606154442188708
7.838933712419847
7.850870094992898
7.862682438212929
7.874934843581446
7.8874996826144015
7.8994531647582695
7.911394116568915
7.925064542288952
7.937949772509579
7.949324525610403
7.96228474297473
7.973405599710983
7.98540631592827
7.997721901260504
8.011225784717817
8.022299122864942
8.035697024154123
8.046712387421573
8.058108750995917
8.07069433922559
8.083047945451929
8.094782826982494
8.107503792583392
8.11946148255814
8.131332705823294
8.143170619897289
8.155748365762339
8.167794513189094
8.179755108703025
8.193265637952473
8.20532184857888
8.218038355900484
8.339136209562321
8.35122688547719
8.363851222384666
8.375444680115637
8.387542630057803
8.399967750688267
8.411841666666668
8.423922839169816
8.435965216571383
8.448279277997443
8.460378647426097
8.473196116526168
8.485112188697318
8.800072942450495
8.812327625570775
8.824267703576863
8.836542285570006
14.522790490033222
14.535369590022032
14.548953651277584
14.878228065059616
14.890249462485171
14.902644944911223
14.914824148550725
14.927021242877492
14.939128237656234
14.951180876358695
15.218496027920594
15.227458509887004
15.238906929683637
15.25096029485887
15.263194086608443
15.275345249710899
15.29055780109489
15.302559415086447
15.3131184952473
15.323964750477554
15.339136592331334
15.351369896673388
15.599765979803495
15.612030480347503
15.623973941728657
15.636138794491757
