File type = "ooTextFile"
Object class = "PointProcess"

0
32.54825396825397
1103
0.46518683207959927
0.4754485889237093
0.48886496494622317
0.500771392598588
0.5121762544333973
0.5238487459281513
0.5372762785999077
0.5487025798102836
0.5622150131728992
0.57221816845919
0.5865111999300214
0.5976404028813668
0.6104399948658709
0.6218762750022351
0.634745031871016
0.6475316101863172
0.6601494263264552
0.6717708081361053
0.6840980828695115
0.6954361536281178
0.7088118587368941
0.7205028851117777
0.929133045957657
0.940080820060066
0.9490784929356357
0.9586832842589772
0.9676664441196461
0.9789471826466436
0.9906363197761374
1.0035838636529881
1.0151797862001943
1.1905628186852013
1.2035232718516962
1.2131681768523874
1.2248775233670703
1.2362888588969323
1.2476491660058706
1.3294624877791599
1.3386917731959964
1.3460731704227316
1.3536791574093163
1.3632485692689775
1.3741108486794356
1.3818030934322278
1.3901018073896225
1.3997540913993562
1.4100856816838845
1.424847761154752
1.4351327332279715
1.4467529647874477
1.4589391436429051
1.470789491924863
1.589915511242665
1.5991263492063492
1.6068439594554964
1.6154302545760573
1.6273892226735749
1.6394918026207534
1.6530764350684095
1.660733793887104
1.6689693417342337
1.6774276312150878
1.6864899574005463
1.694372988219678
1.702389070431798
1.9409265591053175
1.9504992740501477
1.9610699226561936
1.9680171469336798
1.9775482954268975
1.988911638089361
1.9974370232941663
2.0047413167344366
2.016004808147665
2.0233692408490858
2.032039891485295
2.040013716796242
2.048974089635854
2.057294664178355
2.0644344175170066
2.073353526815065
2.0850655748192692
2.0937041203182933
2.100420684757419
2.1088228772990676
2.119066828572323
2.2545152701419067
2.262640517199787
2.2720214763290096
2.280117539537182
2.2876303763808066
2.294775443116102
2.3035686436621554
2.3108163174530554
2.319053963882187
2.3285346137412484
2.354037003847809
2.3612360423967567
2.3690830337555076
2.3771520776357153
2.385442477876106
2.393680953340433
2.4013654867136474
2.4095658514504357
2.4175076559833553
2.4237297990982705
2.456793876185012
2.472706990587844
2.4828548325494313
2.495681285660627
2.5064562428528494
2.5222668349681703
2.531512818090199
2.5444120439503717
2.5573128781493586
2.5682838673847623
2.580293709051473
2.592195532457289
2.602464981264373
2.6174750874738493
2.628591831539794
2.6410887166804873
2.651823288379679
2.6624240796797185
2.716145436678541
2.726590911654877
2.7388497667761653
2.7507364150479465
2.7595388723593475
2.7718109454489914
2.7824818475590005
2.8145803945757013
2.8238395583744422
2.8332934083978416
2.8438221088435376
2.856357016880826
2.865096066088953
2.8763909922037127
3.00111889735814
3.0120588372629187
3.0252054684132608
3.037124433106576
3.0509303882195447
3.0783964668488477
3.0905565083176127
3.10246768707483
3.1126448695665516
3.1270196369579977
3.1407593831183265
3.1507585211564115
3.1624788314410957
3.1737596077391994
3.1837608437870557
3.1935410188824176
3.2067933000193594
3.268460763738119
3.279193148201164
3.289267791291601
3.3005514326942897
3.3719044945022034
3.382561534856028
3.391835759549862
3.400754712659474
3.4743109251982363
3.48373359444788
3.4920050746444797
3.5004015414332876
3.5082810342181987
3.5169925494007126
3.561344326006868
3.5719472766458034
3.57971996505024
3.5861810660132805
3.595750170347285
3.6058243036628332
3.611287114398332
3.6215295061113877
3.6287667159146872
3.6378062897290064
3.6613742446495245
3.671992493967284
3.6819995267058014
3.6923901751590003
3.703182452468167
3.7125625618449303
3.7205129831158885
3.7326278105869943
3.74400125588697
3.7553100721162784
3.767317851528258
3.7781747121925693
3.7905242578653766
3.8591478696741857
3.8743523017672676
3.8827726088526284
3.8968822980905755
3.908117380703587
3.919953753911656
3.934376886246105
3.945546029062512
3.9542540779752757
3.9664896192619232
3.979253968253968
3.986662144626637
4.086241126885537
4.096858320905939
4.107517187246251
4.119867792657671
4.128837876278435
4.138512764245483
4.1888604447627005
4.20002854905403
4.211926561754888
4.219437452758881
4.228741675853477
4.395185708211856
4.405765996624214
4.415993874944614
4.553031653056059
4.565003139717425
4.578721739520891
4.5885476576994435
4.599256761359766
4.60919672425325
4.620892837684273
4.633412377529629
4.645485879200165
4.661256923534441
4.671137509476554
4.683149604103936
4.695627883337243
4.707143273635984
4.717170638777053
4.8255362391870325
4.838168505497436
4.848719360084459
4.858348277228752
4.869444578885573
4.875942899409974
4.88458231292517
4.892775607850796
4.901655580750819
4.940956542954735
4.950337693088285
4.959227557689743
5.062661786936997
5.073456090255032
5.083159842553373
5.097136510788802
5.103865160349854
5.128535503348626
5.138535353535353
5.151503244976151
5.160136511593884
5.174092547466747
5.18561869019787
5.199205738705738
5.20982548875406
5.263195716805241
5.2735319673414915
5.287736637512148
5.297782448809736
5.310540470223177
5.321204742766672
5.327960687261762
5.419891660367851
5.42969675432362
5.43788029597804
5.450428941644685
5.462566820027273
5.475607326498674
5.487033069254302
5.498979440665155
5.50940090250564
5.520003927861071
5.533200748423231
5.5573426507355075
5.5702616708058885
5.580352046542522
5.59326487712202
5.605812240812241
5.615820143802915
5.657245137010627
5.670226022149475
5.680438854947499
5.693282086167801
5.70530788611741
5.715422211160887
6.132106861846935
6.141861478343958
6.150930545057529
6.158251873998006
6.411374556660271
6.422585283197528
6.433269698269698
6.444664270131433
6.455214054589198
6.466415856062051
6.475291125650543
6.5787475840448035
6.587026109376135
6.595896881772966
6.606151407484438
6.6143426001249725
6.623802898669508
6.634401549884367
6.643402728907655
6.6521128335785455
6.854503945817553
6.867991516211097
6.878895792251251
6.8901218305504015
6.901372766765844
6.909789721694484
6.91878715450144
6.92766100473111
6.935481859410431
6.9437887522754345
6.952708046012634
6.961529402458657
6.971688431085594
6.982408314436886
6.992054590431214
7.0028647701504845
7.013315694613872
7.0210750341609875
7.029921186194629
7.037621444631411
7.044655682186294
7.052450139745821
7.061920807013281
7.072771963486249
7.0807857012536815
7.092110577868895
7.1033131255062845
7.117022400120269
7.208822297385745
7.218893229672822
7.22670297484073
7.236197739137938
7.2463805338480665
7.253988197859251
7.346180770467981
7.355103085781163
7.365899047301349
7.374144379212872
7.383855869833313
7.394274376417234
7.432145222483986
7.449955854682299
7.489431792040487
7.499603034196134
7.508106334732474
7.556547686135598
7.566981086219799
7.577097694223507
7.590105318168934
7.599650771199569
7.610370347241304
7.618951721773981
7.77424554369209
7.78338722928785
7.792256025542623
7.799936635653198
7.807622894395854
7.817696512130864
7.8253077990591065
8.00172250509399
8.013765041370084
8.02584841435637
8.03673333604899
8.048538647342996
8.35638056641096
8.367248971738768
8.705200538548754
8.714700954207187
8.724598860868703
8.993968944989582
9.00394874466303
9.015514997170346
9.029453059244075
9.043522560780442
9.057478467132292
9.070155954220429
9.082839582733031
9.194572064598196
9.206221686138223
9.217615695367915
9.230415066767447
9.24042895806556
9.252567471886714
9.401561583099692
9.412256797704332
9.424784246275985
9.436641419706831
9.447604470359574
9.63584762819633
9.646480641639371
9.656955362892969
9.67129527634347
9.680684708666075
9.690195883481596
9.703941079077135
9.714039727001913
9.725867336687537
9.737852299079682
9.754156631120916
9.76197686598699
10.066077188572887
10.076898155252076
10.088569571847323
10.10126270261191
10.748938662601969
10.760149774325374
10.769361213972976
10.77937547486527
10.79128032546352
10.798518990929706
10.806200883772313
10.89291309391974
10.9020127787226
10.909733524437028
10.917394388108674
10.927530785839057
10.936946551744606
11.310177506628754
11.320341072910333
11.327939650840479
11.338046551954115
11.361410589852335
11.374729135366996
11.387386314649508
11.398644083983486
11.412387790224189
11.423556056744351
11.434266079158936
11.443201213514325
11.451545248529719
11.462108228747573
11.471048525403228
11.481075676900419
11.490097778459756
11.501397399254543
11.510208245540104
11.521527039592815
11.531482396467359
11.541701954334515
11.550560736753564
11.562484312949165
11.569546435226048
11.57840924027679
11.587395194256963
11.595085909303595
11.603955549343024
11.61391867194639
11.623031777525826
11.631755892874144
11.74610657196447
11.756495032795726
11.764873836326982
11.77360712798239
11.781369501937892
11.79161428284394
12.140327562648991
12.151317062907637
12.163460703053973
12.174694673672535
12.184742558957922
12.198954750103818
12.208551288936627
12.218970804988663
12.232874558084522
12.244414628720687
12.257200607170807
12.269960448281877
12.282900182395506
12.29226822363765
12.30358073932409
12.316805627415285
12.328321437864764
12.364716318711393
12.376087214372928
12.388951047446982
12.39962355594888
12.411121262272001
12.577388955582233
12.591505838648695
12.60264184238875
12.612872689383215
12.624082558949505
12.637209690893902
12.64772076372315
13.0243818396924
13.03603025591189
13.048425638371292
13.091200449751131
13.102504630182157
13.114209317757172
13.125029866680784
13.496098392348392
13.507208471226328
13.518963510574299
13.530311619597335
13.542823529411764
13.552991140955887
14.020044627274995
14.031347827740461
14.041321980297134
14.388293910439494
14.399165398525392
14.408340453733828
14.424123507786549
14.432639466042827
14.444994286962741
14.459218689317348
14.470297788168569
14.480670986343256
14.493231762967982
14.504537535444285
14.51453666585682
14.757310295212713
14.770306674074206
14.781677623785832
14.793414860867085
14.805969310098469
14.818382588688712
14.827266458495966
14.836119863945578
14.844832642302663
14.852653348259135
14.863090749883394
14.872865948525622
15.248024483378257
15.25825797277719
15.268936493741993
15.28136007667672
15.289069369853204
15.298090618090617
15.30687965292662
15.31462172055202
15.323189472510316
15.332311153158836
15.339941266921647
15.350293758838477
15.360170407315046
15.370519805085154
15.378010265855433
15.385632592204521
15.393260649681451
15.400344771355124
15.408165859273002
15.415795090522982
15.425064011957563
15.433538786212617
15.442927428755088
15.451025611157705
15.460070915314208
15.470589389530277
15.479145654798716
15.793272277379419
15.801937012147913
15.814521193092622
15.824404705553528
15.835640267073243
15.849271845993298
16.23181926047375
16.239992258182735
16.24956820479196
16.258943065862713
16.267266542980828
16.274903819821006
16.285591794776373
16.295772958895327
16.30530665510052
16.31450886033426
16.324589733477932
16.334114308553158
16.34186678838202
16.35083328569523
16.36090323803691
16.370992796414964
16.721215085811362
16.73015390022676
16.74166015688572
16.752025542083178
16.763895866038723
16.777603565724718
16.789413340391345
16.799681237574397
16.81082575566703
16.82494651270691
16.83493126328546
16.848088703674854
16.857861599360362
16.873022950594383
17.07829062554509
17.088402426287463
17.0984362244898
17.111046546135235
17.12249990391637
17.136070614069386
17.146860680272113
17.158430492007007
17.169276582228225
17.18281213896751
17.192564375635314
17.205968829942353
17.23480755724119
17.245853269719525
17.25771491859951
17.26807543751153
17.279272748703445
17.292209031872964
17.30216444791633
17.315017415284803
17.325752758791243
17.337171556122453
17.431598639455785
17.441733276643994
17.451808740140823
17.798140611165103
17.805474913635948
17.817550308613733
17.83303358257904
17.840846270131987
18.30288838371753
18.31424754024737
18.320579661067967
18.330910683832762
18.33956774111514
18.350747148753797
18.357789145287747
18.52473677759392
18.534094597259198
18.540520934190067
18.548106093501232
18.562688165247888
18.57269447229
18.58106659666104
18.590009609940108
18.603125049313725
18.615606359592185
18.6257163962266
18.63473595848596
18.90973048657214
18.91995456939838
18.92942718424109
18.938363498304522
18.946629223838244
19.259334288707024
19.267354922245033
19.278869528943655
19.287306499601897
19.295181140164402
19.30285230915773
19.309931033557408
19.318260890714924
19.70320654742845
19.720985851740956
19.80444973921491
19.816760591956083
19.829543707973105
19.870036644713984
19.879092755186303
19.88797819730821
19.89924691414453
19.912150219844037
19.926738628183024
19.994616777025946
20.00634062261882
20.01934501073157
20.03126776391204
20.043645109992053
20.05672606667188
20.21640041427937
20.222771378871183
20.231568685087204
20.240689828494062
20.24979979633281
20.25933106575964
20.26718558567706
20.27454218183624
20.283914534682516
20.2916037414966
20.30073442494698
20.332866615262805
20.346024267081226
20.35840854574762
20.37148393003524
20.384560009718175
20.475109059496816
20.48588104364074
20.49524204303094
20.50431251719656
20.802156777161734
20.81290384070295
20.81856113603834
20.848667568232113
20.85772731915589
20.866611866969013
20.876608710523318
20.884414761274883
20.893429812989837
20.901197242918332
20.913052024260104
20.91971345331382
20.930150958008102
20.955068754774636
20.972339330469033
21.40728819781881
21.419724346696608
21.432801616373048
21.444665079365084
21.457112782966295
21.46889379955804
21.48131808988952
21.492541458979908
21.505482019291737
21.518092498610265
21.530341004151083
21.54289986379893
21.555274616995032
21.56715246550598
21.57760414390932
21.625715877241166
21.845495536442673
21.85442940491512
21.862198598398127
21.871646988847115
21.882301206196768
21.893621252204586
21.902472840087842
21.91442575963719
21.926750826897177
21.939767825792423
21.94993758184025
21.957684768822784
21.985266262755104
21.994503335633773
22.00344379165808
22.01243061006454
22.025433386837882
22.03076188231068
22.038453042962153
22.047568682187354
22.05668925763452
22.06671857209832
22.12319337258713
22.142120391123694
22.16410344329748
22.187802281348677
22.210366171474845
22.22525166817026
22.392462121588295
22.83663609997021
22.8465886221913
22.85404589683975
22.862861746202242
22.87301279731751
22.945247130406955
22.954260352520063
22.962799659422785
22.971444047704555
22.979155899870186
22.98811076791077
22.997063086777757
23.00834759091607
23.019653658445545
23.030950366988904
23.04341724023925
23.056485902164756
23.067216177182576
23.151758684374162
23.160072686239975
23.168970808391073
23.176700753028484
23.18624148584165
23.196376882213563
23.205293832545745
23.214125938791593
23.346227273892865
23.357924461451248
23.56214400442717
23.572150442620703
23.585001436947785
23.596362618010723
23.608233376543424
23.621908776480762
23.63436444864922
23.646359784743247
24.2434374473599
24.254415991793547
24.266777910606365
24.403447076189508
24.4215535347553
24.43919527500923
24.455126984126988
24.475815268329555
24.491545165329818
24.50104353144767
24.510506881822497
24.51814134542706
24.528418127814508
24.53481515495087
24.545108510070698
24.55414898814104
24.562079423723517
24.57134288688153
24.579150696469068
24.587425032318226
24.594462813549196
24.604401111229834
24.61335690202891
24.74009972104784
24.748854351594375
24.757283645416933
24.766226651784145
24.820311958116584
24.831827247374047
24.84422194828715
24.8567688993251
25.086095892006988
25.098332474403907
25.10717409565811
25.332045637672547
25.34429490589103
25.356337688752298
25.488227186370047
25.502092901458386
25.511801166703243
25.51678351985956
25.524720848521433
25.533974985827665
25.542503878744483
25.55177687856752
25.56028298204528
25.568710903901792
25.71749067813549
25.728656168094947
25.736735623211036
25.753414260942474
25.76262046485261
25.772130658811147
25.787603784110456
25.798617614166467
25.81122857796965
25.82307511945443
25.83435567613289
25.84681849474271
25.857414242947293
25.86745807413875
25.88109499940327
25.98872045552664
25.9963529856387
26.005202477920996
26.014124811491964
26.02303045525903
26.030047734592777
26.039446202970986
26.04897379692618
26.056891696204367
26.065199462501052
26.073588061356496
26.082452064453584
26.0918823031605
26.09731586159644
26.10742930986035
26.11502410788877
26.125787740325876
26.138563766970204
26.148135998200935
26.155274042179496
26.411637875829346
26.421998642594293
26.427552733999054
26.43730260525263
26.445102799650044
26.45495140003567
26.463507861546827
26.724031306857395
26.730991056120477
26.739027824551165
26.74760660898664
26.8098119983101
26.820237536842004
26.830455924642802
26.838542126807432
26.905225041086773
26.910773248535527
26.91954566893424
26.928840181971026
26.9373315722228
26.94492331478046
26.953137079099424
26.96131048232498
26.966765409193982
26.976724019329655
26.98520090323438
26.990875063343623
26.998545059194594
27.062604036919932
27.076221575644986
27.086490335061765
27.09643878214054
27.18367028761439
27.193372435152927
27.206144220469376
27.216504326530615
27.227812494506846
27.2355290372774
27.275166595938945
27.286958599101457
27.297852558145298
27.335678688141925
27.34827038277998
27.35827001041287
27.37047556637334
27.381694831371703
27.393353202667207
27.40233946060694
27.499929273296623
27.514608238552338
27.525498532746436
27.56540516138567
27.574775537745467
27.585817082388512
27.590779984612894
27.606666709776434
27.621193472207537
27.631718296252345
27.64249550550632
27.65551395325727
27.666789884222922
27.675767352305815
27.696920596487185
27.705828367843488
27.731515752765755
27.74136634668143
27.753278115733476
27.765429765594604
27.776699085884356
27.81086887084583
27.82695719611493
27.835480646059597
27.847328166239173
27.8600948397377
28.081459270437897
28.08982620286794
28.097645975056693
28.104042210300904
28.115094428036322
28.12315982395146
28.13093379888829
28.137656222084793
28.234725162650733
28.24453888981067
28.25117502614172
28.259016474146346
28.268897623803017
28.276237545523262
28.316971874464073
28.32714105649562
28.336132237131565
28.346722173374264
28.36045678469052
28.37106622814415
28.380039598611994
28.38920311160113
28.39537391944934
28.515626992870846
28.528146128680483
28.536998731427303
28.55082890758643
28.55855190451632
28.572535190176705
28.584267784960776
28.599010288367946
28.610681071158623
28.622006282187673
28.633650273149847
28.644866830361337
28.655355936424915
28.667033755841715
28.67970205738308
28.690924179436088
28.70449404761905
28.7152003964104
28.725812811791382
28.73816478930322
28.749238851095996
28.75908153004792
28.76980538079894
28.78000815530891
28.79105201484691
28.914521369254103
28.926460944705454
28.936933576377147
28.949272733541836
28.961977083943058
28.973522962046772
28.98558707584074
28.999077300296815
29.01447146284325
29.024611176562495
29.03355090311987
29.04781684027778
29.05778678594726
29.070376413750346
29.080361548233753
29.093125756568295
29.10431715174626
29.117251987643694
29.128160086907847
29.1382099930531
29.150060385873736
29.158596101493895
29.16798775153106
29.176000251952637
29.184360554501467
29.19371257631258
29.202507523116488
29.474397448979595
29.481982631223115
29.489746688148944
29.50128507068394
29.506826858728214
29.51424129919825
29.582314975635647
29.59044759622927
29.60074908667171
29.612349342793472
29.623636609044773
29.634887766109685
29.643503230866283
29.65301932836627
29.660872986614002
29.66747699079632
29.680503170664466
29.696725461409997
29.705149295432463
29.718502679003272
29.73072885974084
29.73846759028815
29.762039764359354
29.770969013155923
29.77895092727193
29.7876176902686
29.954896855497363
29.966628409397785
29.98021246664104
29.99143492834027
30.003342263158952
30.097502061430635
30.106164237123423
30.114147223627743
30.144050111876982
30.153024211835277
30.161411345385304
30.2676253786186
30.276477506096782
30.51198331713638
30.522579938342382
30.53337743906093
30.546012230028623
30.55479618703722
31.31946590995949
31.329511098557074
31.338086647992533
31.346447714351445
31.35479389106636
31.424669137813066
31.433256436163884
31.441961675759416
31.44935799319728
31.458108817671558
31.499270408163266
31.511326438807647
31.521483089689777
31.53482667758462
31.545371722703994
31.558215769173717
31.569289992726652
31.701327496159756
31.71355814442035
31.725465392506212
31.73622777386817
31.824650725232626
31.83658826164875
31.847262069876496
31.860343928512172
31.86885921799913
31.879280921622065
32.24997480473671
32.267732273089415
32.291554138654284
32.303091940857975
32.31488086962279
32.32475812547241
32.35610560729146
32.37449208107015
32.391133829153546
32.40078616780045
32.41149323927102
