File type = "ooTextFile"
Object class = "PointProcess"

0
238.69909297052155
5218
1.5747076023391813
1.6102191987906274
1.6102191987906274
1.6127954144620813
1.6179643372500516
1.6625434618291761
1.6625434618291761
1.6625434618291761
1.6625434618291761
1.6625434618291761
1.6625434618291761
2.1560827664399094
2.1560827664399094
3.137454744609708
3.142054580749889
3.1453669060216676
3.1486314494202103
3.153099416670845
3.156709188014154
3.949745043316472
3.958778155706727
3.958778155706727
3.969967846967847
3.973504818594104
3.978827947845805
3.9952591512795594
3.9952591512795594
3.9952591512795594
3.9952591512795594
3.9952591512795594
3.9965573372206027
4.389715687801838
4.392862521923548
4.39711544489979
4.400944207854777
4.404967719571905
4.408378434338879
4.4117687074829925
4.415679683128663
4.419589976895069
4.424489604677213
4.428477033615601
4.432148428336852
4.436196202386679
4.501712170326744
4.5089793453613325
4.513420256991685
4.531928704442671
4.531928704442671
4.531928704442671
4.531928704442671
4.535302892474819
4.53707769088944
4.548731311733733
4.548731311733733
4.556274314006948
4.556274314006948
4.586935651811745
4.586935651811745
4.586935651811745
4.586935651811745
4.586935651811745
4.586935651811745
4.586935651811745
4.590024454910169
4.594046271974136
4.59960034557649
4.601074055638516
4.604568985216826
4.607787652695487
5.048223122053054
5.048223122053054
5.048223122053054
5.048223122053054
5.048223122053054
5.147854646445734
5.151666534060018
5.191559292706629
5.191559292706629
5.191559292706629
5.191559292706629
5.191559292706629
5.191559292706629
5.257140721022709
5.257140721022709
5.257140721022709
5.257140721022709
5.257140721022709
5.258620157282771
5.266081829057082
5.2709668659872015
5.274607988224529
5.277905702118246
5.281508984320427
5.2849010985019484
5.288638135476002
5.307417594137319
5.310918198125021
5.314317598443776
5.3171812394682645
5.320676539767046
5.324395956964346
5.327710932118597
5.330990740082328
5.334714060006719
5.338174154150108
5.341401168541729
5.344553175037575
5.348344232969039
5.351948213057979
5.355633064354688
5.359301868895706
5.363119022971507
5.366442192349067
5.369516423853492
5.37398123190576
5.458835589606828
5.472081889666436
5.4840438666160205
5.4973735863772255
7.185961553985132
7.194179104129658
7.198979560018582
7.2039892199303965
7.209344056378626
7.214232568027211
7.219143626261421
7.228732116082046
7.9391072016259985
7.943384231286755
7.947692981068396
7.952341143864953
7.956683673469388
8.235999418354702
8.240244363327987
8.244002080788382
8.247911644189841
8.251755944282475
8.256580125721174
8.630254058956917
8.634001515891807
8.637807913503565
8.642726757369616
8.64748548861331
8.651165393097878
8.655602544047923
8.660644297172588
8.66568583408206
8.670651404473228
8.67717277940738
8.682119420262278
8.68701233869525
8.692167255087687
8.697027489358316
8.71779735865042
8.721166060437781
8.725123474595962
8.728478661622587
8.7318805014691
8.735268762521189
8.738724614662312
8.741951455705609
8.745804215251654
8.74961984203711
8.75318942022749
8.756563813238605
8.760062235821902
8.763740722724625
8.767765032632882
8.945441345135222
8.945441345135222
8.945441345135222
8.945441345135222
8.945441345135222
8.945441345135222
9.030578006780269
9.034722016613209
9.039347178871548
9.043154027042915
9.046864339938875
9.050346457166937
9.054557736580637
9.057675829139244
9.061404928896623
9.064974681078976
9.06887695429049
9.072738005822728
9.076464452271905
9.079955885384456
9.083532536246823
9.090827231656021
9.094852530318157
9.098505133534895
9.102057842881635
9.105947321077192
9.109412568306011
9.117029190019124
9.178132514396646
9.181952729809872
9.185980995572832
9.189488570202856
9.197759601194974
9.197759601194974
9.210648202137998
9.210648202137998
9.210648202137998
9.343278765697312
9.343278765697312
9.343278765697312
9.508119533527697
10.597078485736514
10.601057843347672
10.604908442212865
10.609872970041401
10.613734781332184
10.6184960935401
10.66913702303175
10.67331724765515
10.677426890756303
10.681646120695056
10.685659857094903
10.689125991029016
10.794865509422161
10.794865509422161
10.794865509422161
10.794865509422161
10.794865509422161
10.927018509300739
10.927018509300739
10.929365594722737
10.932681483552326
10.938680290544402
10.940223338012455
10.96334372637944
10.96334372637944
10.96334372637944
10.967832015689158
10.972539262618628
10.976403556131448
10.986100142955733
10.986100142955733
10.990339981488452
11.14842923713828
11.152853463681279
11.15699038124472
11.161251903828521
11.16689601814059
11.169632590935917
11.173336620041276
11.178478389680832
11.190575283446712
11.190575283446712
11.197141025260178
11.22877159348588
11.22877159348588
11.22877159348588
11.22877159348588
11.22877159348588
11.22877159348588
11.22877159348588
11.23210758377425
11.233812069045305
11.238636407968205
11.279608320869718
11.279608320869718
11.279608320869718
11.283368004206512
11.290935061420088
12.111812439261419
12.116024187452759
12.120198640527923
12.124404961984792
12.129618764172335
12.133666553287982
12.13759980148643
12.14332620581389
12.148053961497697
12.153357213459255
12.158647860470888
12.158647860470888
12.1651502674435
12.168965623081645
12.172848476214222
12.175768553376043
12.189564151241893
12.189564151241893
12.189564151241893
12.19386174187985
12.196102040816328
12.202360457003316
12.205422413045364
12.710513983371126
12.710513983371126
12.710513983371126
12.710513983371126
12.710971585913278
12.721875460140767
12.721875460140767
12.721875460140767
13.309652778737313
13.313153403373184
13.317186210252746
13.32113213229699
13.324589491920046
13.32803690868381
13.642612210713432
13.663978270920017
13.663978270920017
13.663978270920017
13.663978270920017
13.663978270920017
13.66874060541247
13.66874060541247
13.671827722542009
13.674330233034834
13.677435897435899
13.681167800453514
13.684987852283772
13.690411564625851
13.690411564625851
13.709891403638863
13.709891403638863
13.709891403638863
13.709891403638863
13.709891403638863
13.712326192888503
13.718325275602904
13.722964337250051
13.903006452995792
13.906522619976954
13.910791271241006
13.914495875644944
13.918789212367411
13.972890812890812
13.972890812890812
13.972890812890812
13.972890812890812
13.981194606413995
13.984676496808046
13.98883276175484
14.190950927379498
14.215537738905086
14.215537738905086
14.215537738905086
14.215537738905086
14.215537738905086
14.215537738905086
14.220455134434726
14.234005419413583
14.234005419413583
14.234005419413583
14.23421610720791
14.242948299319727
14.242948299319727
14.244063492063491
14.251210739614995
14.254137278633335
14.25832548403977
14.26133889919604
14.26472384819561
15.002625176196604
15.008877479261747
15.025980565717338
15.025980565717338
15.025980565717338
15.025980565717338
15.027997954426526
15.031641193273847
15.059738993636671
15.059738993636671
15.059738993636671
15.059738993636671
15.059738993636671
15.059738993636671
15.081615457294028
15.081615457294028
15.081615457294028
15.081615457294028
15.081615457294028
15.085895578231293
15.09012177828878
15.093565112752668
15.097031584412022
15.101326051412393
15.104701342234616
15.107107584802629
15.131709951974665
15.131709951974665
15.131709951974665
15.131709951974665
15.131709951974665
15.131709951974665
15.131709951974665
15.167877698307493
15.183813101292298
15.209504581459411
15.692278483720534
15.695305637924685
15.698156070120357
15.701750549843998
15.731625094482236
15.731625094482236
15.731625094482236
15.731625094482236
15.731625094482236
15.731625094482236
15.731625094482236
15.731625094482236
15.779537306986287
15.779537306986287
15.779537306986287
15.779537306986287
15.779537306986287
15.779537306986287
15.779537306986287
15.779537306986287
15.779537306986287
15.81230026510118
15.81230026510118
15.81230026510118
15.81230026510118
15.81230026510118
15.81230026510118
15.81230026510118
15.81230026510118
15.883190331835653
15.887281601329219
15.890163301879891
15.907605643738977
15.907605643738977
15.907605643738977
15.956381060360654
15.956381060360654
15.956381060360654
15.956381060360654
19.01397250566894
19.01397250566894
19.04287427027549
21.828962562082864
21.83350726654298
21.838221315192747
21.846585487528344
21.85133920234761
21.856292695555915
21.860960125398066
21.865860441146154
21.870835835835837
21.87595897753041
22.397621149583433
22.40322451293443
22.408651432832645
22.414023035600472
22.419599834401257
22.87901436921594
22.882963092934062
22.88692635247594
22.891294458851682
24.375911926900937
24.38208150603727
24.388164190476193
24.39320176681784
24.39812189804667
24.402824745099945
24.407131912495252
24.412090046544936
25.1981579475448
25.202615368758227
25.206984727545382
25.21094910734247
25.215089605734768
25.219177899554886
25.226034995739276
25.227556491127924
25.22989736866969
25.234047835694792
25.23831808585503
25.575591422304438
25.58121613915027
25.58568609952942
25.59135874532775
25.616289997480475
25.616289997480475
25.616289997480475
26.46189095104474
26.47036098584253
26.484230002345768
26.484230002345768
26.484230002345768
26.484230002345768
26.48726797862002
26.490980584001388
26.4973874697782
26.507264783616655
26.509076147284315
26.519216826960673
26.519216826960673
26.523131948814772
26.528859613497143
26.530624527588817
26.533380344007526
26.539640585992547
26.544022964337252
26.54693093698385
26.55065637537066
26.559974290185558
26.559974290185558
26.561703053314353
26.565929497181138
26.568981151320504
26.573807397959186
26.575768403581367
26.58310480442177
26.58805736478989
26.807914268271414
26.810532879818595
26.815526662277815
26.819054955315462
26.82285483125289
26.826487574621687
26.83032045351474
26.8340662078785
26.8375654706327
26.846915885851196
26.849757945506244
26.892105789043168
26.89603023185387
26.900055419501136
26.904054084443697
26.908456165751048
26.91268517197089
26.916889787361487
26.92135593820862
26.92448680272109
26.927920345443145
27.148069019274377
27.15172696351268
27.155430839002268
27.158545513443475
27.168896738182458
27.202018140589573
27.21841308722849
27.280487528344672
27.280487528344672
27.280487528344672
27.28662761400857
27.28662761400857
27.290584710074505
27.305761427377973
27.305761427377973
27.501373991457047
27.518899240855763
27.518899240855763
27.518899240855763
27.518899240855763
27.518899240855763
28.38447994106222
28.392299802779547
28.400081214761837
28.40994903307235
28.416127356415206
28.42561179587347
28.989090107423443
28.993912146055003
28.997752110103303
29.00153565129756
29.00542341302993
29.00949163449164
29.307230923377105
29.31296563995969
29.318152648938366
29.35242850373981
29.35242850373981
29.35242850373981
30.01578334364049
30.01578334364049
30.019073210236478
30.023578743325288
30.027139077853363
30.056860282574572
30.087918192918195
30.268436015915803
30.279659479611055
30.983350586611458
30.98678744967375
30.99025998362308
30.99372501889645
30.997030223281527
31.00041383219955
31.003831273105874
31.006697400134062
31.0100625459897
31.17007015306123
31.17233635676493
31.175353281409183
31.181210059781492
31.21627823969094
31.21627823969094
31.249416769332406
31.249416769332406
31.249416769332406
31.249416769332406
31.846445439964608
31.846445439964608
31.846445439964608
31.846445439964608
31.878781047302645
31.878781047302645
31.878781047302645
31.878781047302645
31.878781047302645
31.878781047302645
31.878781047302645
31.88163673469388
31.885837539316807
31.889029024943316
31.892293269564014
31.89629287693914
31.919813869992446
31.919813869992446
31.919813869992446
31.919813869992446
31.919813869992446
31.919813869992446
31.937287414965986
31.937287414965986
32.28604741053509
32.28982963248192
32.29328508708448
32.296709008087014
32.30068212739641
32.30355520369067
32.30813882760311
32.983098893288656
32.9868896272298
32.99082912734986
32.99478229196147
32.99809885763723
33.00178587533498
33.00579057099982
33.0094001525844
33.01293872406438
33.01680272980317
33.02068019855455
33.02423032250816
33.027841822679484
33.0316237082779
33.03565412150453
33.0392438008067
33.043014494830885
33.047777078659884
33.05131459218251
33.054887762711346
33.058462410605266
33.062141523275976
33.06632269533328
34.844823129251694
34.868578643578644
34.88224716553288
35.30270080591603
35.315281605211084
35.32627383541177
35.74802291031355
35.763783975812544
35.982971758400325
35.99123682076237
36.015522448979596
36.015522448979596
36.015522448979596
36.015522448979596
36.015522448979596
36.015522448979596
36.04273890508585
36.04273890508585
36.04273890508585
36.10746365212752
36.10789266817838
36.11320953606668
36.11795073180787
36.12228659825512
36.127073210236475
36.365961396606835
36.365961396606835
36.365961396606835
36.37314938220186
36.37314938220186
36.40220997732426
36.40220997732426
36.51146081600489
36.51641943344502
36.5567400551952
37.31915639523136
37.3354188712522
37.35193371396177
37.367525957751525
37.38333189613874
37.40004535147392
37.41683245149912
37.431914413844844
37.4492963763872
37.46665464852608
37.47998401430965
37.497845616024186
37.5143594925893
37.558668479367796
37.579054844159884
37.597198261526835
37.613855415181945
37.813407832642454
37.83132482906383
37.8431068666783
37.859114271971414
37.87280678637821
37.910892263882296
37.92889740989563
37.943788805424454
37.96184415898339
38.182905884003084
38.20102137998056
38.21759716289616
38.2504367961874
38.99914849875693
39.016932911095466
39.035214354618454
39.052004648013046
39.07817431246002
39.09467470624614
39.112134785073444
39.13096066405837
39.145840856258644
39.1623577001422
39.17666246607933
39.238885109599394
39.25540806158038
39.269668131141344
39.288715891325474
39.32477092252602
39.37159001063552
39.39165920198307
39.40572548489324
39.575860383855776
39.60737223094366
39.62603174603174
39.703364679205016
39.72044933762979
39.73838058576724
39.75618486023693
39.770545089830804
39.803896271686966
39.821917433640124
39.861795162509445
39.87564260112647
39.89400904084577
39.94883764172336
39.999641124716554
40.01846393409684
40.15961151510413
40.271847041847046
40.28768140589569
40.30896396396396
40.32669948681227
40.34651339548165
40.36139586603872
40.37726217471115
40.3920989229025
40.442810694170134
40.564633486047484
40.580973436993844
40.61597395055583
40.63308390022675
40.667157683586254
40.68466455547736
40.70747799478214
40.7517683417453
40.78745890022676
40.78745890022676
40.82844465058751
40.838729528848575
40.8571878176558
40.885426929392445
40.955608465608464
40.970727513227516
40.98654518950437
41.02525573192239
41.04177761580822
41.06305828504241
41.078755102040816
41.11153155706727
41.15822675736961
41.173414739229024
41.19011201814059
41.5296230357873
41.534260096831524
41.53817657497782
41.54181903400313
41.5457831850689
41.54952865672263
41.553152874354964
41.556460759315
41.55992823046089
41.563072486772484
41.58567819076101
41.58567819076101
41.58567819076101
41.58567819076101
41.58567819076101
41.58770800627943
41.6322419585118
41.6322419585118
41.6322419585118
41.6322419585118
41.6322419585118
41.67198383994948
41.67681191694919
41.69686558528827
41.69686558528827
41.69686558528827
41.69686558528827
41.69686558528827
41.6984044093828
41.701709279217305
41.70691654414659
41.71104255243764
42.408173540249436
42.42408189632442
42.530863009171284
42.54938812083974
42.56591361275693
42.585102040816324
42.599105928085514
42.61525699168556
42.632389569161
42.652489471979266
42.66821671525753
42.68157733800591
42.697750655817885
43.048342899659865
43.05262171535281
43.055975507947785
43.06031152143397
43.06459467120181
43.06844546381244
43.07291920892068
43.07735627348701
43.08185459795429
43.0857777001802
43.0895384103854
43.093365569391594
43.09832760049806
43.10292379955646
43.11458733065876
43.11891475732939
43.259054400772655
43.263701928351985
43.275475262180294
43.275475262180294
43.27690440254285
43.27983656997059
43.282619988965976
43.2854326041794
43.28934597222551
43.29346989399522
43.29673523133858
43.29727412031878
43.4691265016645
43.49100819815106
43.82713480024448
43.83087210039295
43.83391713410511
43.83816337925455
43.84240541692315
43.845819508448535
43.849482086770074
43.85312694345302
43.85704728855105
43.86028214995426
43.86542210706987
43.8715566575798
43.87662959767791
43.881664260043635
44.74852969844654
44.752228954863774
44.75580257479336
44.75953880476922
44.76365899004438
44.7673452501568
45.708649098268594
45.71490500704787
45.71541696205459
45.718269775330704
45.72248025217413
45.726246925154044
45.73587483098421
45.73776207329779
45.752418072251736
45.752418072251736
45.752418072251736
45.752418072251736
45.75386592190393
45.75688216729745
45.75986794717887
45.76436810797378
45.76933159048743
45.77545964834021
45.778911918934234
45.82740584454333
45.83113673008707
45.836124890147445
45.844763321995465
45.844763321995465
45.863951372855375
45.863951372855375
46.08123262734929
46.08123262734929
46.08123262734929
46.08123262734929
46.08123262734929
47.33746991104134
47.34213347407929
47.34591468253968
48.52731882397375
48.53118768209038
48.53459705635141
48.53820509987434
48.54165537629812
48.54599966464805
48.54971222304665
48.55334208047369
48.556892514644744
48.56068596793324
48.564347580737014
48.56891408521707
48.57240609997753
48.575826376326646
48.57913771310994
48.58267562519714
48.586333635090554
48.59006023838107
48.593763747812666
48.597585941043086
48.601627186970205
48.60635325558795
48.690135148841215
48.69704706554538
48.70952871962433
48.70952871962433
48.70952871962433
48.74619646559078
48.74619646559078
48.74619646559078
48.74619646559078
49.221199822271245
49.22328427255676
49.228073239801496
49.33435586158582
49.33435586158582
49.33435586158582
49.33435586158582
49.33435586158582
49.338429424575104
49.342104434366334
49.37167182024324
49.37167182024324
49.37167182024324
49.37167182024324
49.37167182024324
49.37167182024324
49.37167182024324
49.374994169096205
49.40575864263834
49.40575864263834
49.40575864263834
49.40575864263834
49.57121852637159
49.57506259124655
49.58259571461435
49.591620829284096
49.591620829284096
51.19230234806765
51.207783346938776
51.22508892445867
51.3333625962122
51.342035296273394
51.352637644986046
51.352637644986046
51.36045884158261
51.36045884158261
51.36394557823129
51.36665520976545
51.37029961900157
51.37456114890401
51.37827074829932
51.38175860290552
51.385923221258686
51.399022065897064
51.399022065897064
51.399022065897064
51.43579806281487
51.43579806281487
51.43579806281487
51.437304829887246
51.441163807885836
51.44435155250219
51.44806231330389
51.58370964749536
51.58998866213152
51.61419304610733
51.61419304610733
51.61419304610733
51.61419304610733
51.61419304610733
51.61419304610733
51.61419304610733
51.61550591016548
51.644180888729764
51.644180888729764
51.644180888729764
51.644180888729764
51.644180888729764
51.644180888729764
51.644180888729764
51.644180888729764
51.644180888729764
51.68417545541707
51.68417545541707
51.692492662039434
51.6983778392713
51.6983778392713
51.80827745383868
51.809599230996746
51.846508919560115
51.846508919560115
51.846508919560115
51.846508919560115
51.846508919560115
51.846508919560115
51.846508919560115
51.85891675400319
51.926075868098245
51.926075868098245
51.926075868098245
51.92789726146869
51.931496031746036
51.93513867085296
51.93869521958443
51.94216339365935
52.18007673485328
52.18512197584716
52.18962379336183
52.194611243270316
52.19950056547264
52.20337313141343
52.20823873441994
52.36703265306122
52.372580921257395
52.37858087679516
52.38465662455458
52.38465662455458
52.41937836783459
52.41937836783459
52.41937836783459
52.41937836783459
52.41937836783459
52.41937836783459
52.41937836783459
53.03748560962846
53.03748560962846
53.03748560962846
53.347476190476186
53.35443208514637
53.36637380738458
53.36637380738458
53.36637380738458
53.36731689342404
53.392669067627054
53.392669067627054
53.392669067627054
53.45592484612893
53.45771553519367
53.47693532485457
53.47693532485457
53.47693532485457
53.47693532485457
53.47693532485457
54.90166287676119
54.90657921775113
55.26726710128496
55.27168864525314
55.2746370314639
55.28004673574856
55.28243088724851
55.28514653826899
55.28762783943987
55.38898062255205
55.38898062255205
55.38898062255205
55.410825119163306
55.410825119163306
55.410825119163306
55.42985119047619
55.43121603793033
55.43485288157131
55.454593837535015
55.454593837535015
55.454593837535015
55.454593837535015
55.454593837535015
55.464679026540196
55.464679026540196
55.464679026540196
55.46958571917976
55.470431692390214
55.47412746319185
55.47681506304859
55.479625015650434
55.484195742813256
55.487757662204665
56.08612773998488
56.08612773998488
56.08624387389364
56.10739475500345
56.36000059672992
56.36000059672992
56.36000059672992
56.36000059672992
56.36000059672992
56.36000059672992
56.57042202066011
56.64134484563056
56.64881134596696
56.653004535147396
56.65756385010144
56.65993140589569
56.66358969513732
56.667481304578565
56.67112141826428
56.674631612207726
56.6828112244898
56.6828112244898
56.69319889860706
57.287117371164996
57.291343669250644
57.29588821344141
57.30036507936508
57.30451063689653
57.30835935467083
57.322727989746625
57.322727989746625
57.322727989746625
57.322727989746625
57.33204016221873
57.334371184371186
57.33695694048229
57.748237884301005
57.75177084966091
57.75577739984883
57.759613004886226
57.7635055490625
57.766473156090136
57.76969394775454
57.77350867810436
57.77740936054422
57.78054899737673
58.0874383288669
58.0874383288669
58.08977570048999
58.1007214755821
58.10925084729232
58.10925084729232
58.10925084729232
58.17467911467312
58.183533152279
58.19229658455008
58.26729767864766
58.27959048036392
58.27959048036392
58.27959048036392
58.2840592661307
58.28930744751038
58.75718999880654
58.75718999880654
58.765490040327514
58.765490040327514
58.77442481057464
58.77442481057464
58.893538409515855
58.89754864085552
58.920754913076344
58.920754913076344
58.920754913076344
58.920754913076344
58.977861286646636
58.977861286646636
58.98158163265306
58.986970315398885
58.989715935083595
59.012509558300124
59.01747300622377
59.02175474906944
59.028601662887375
59.03074835746264
59.03726609484374
59.06218034152436
59.06218034152436
59.06218034152436
59.06218034152436
59.06218034152436
59.06218034152436
59.06218034152436
59.085947209293074
59.085947209293074
59.10517798900382
59.10517798900382
59.10517798900382
59.10517798900382
59.107107566031104
59.53950156985871
59.53950156985871
59.53950156985871
59.53950156985871
59.53950156985871
59.567039808516
59.567039808516
59.76823994202491
59.76823994202491
59.771650574208174
59.77735971637332
59.784668691904244
59.784668691904244
59.78687210313895
59.796515225137675
59.796515225137675
59.79924142101285
59.80036054421769
59.80328309484713
59.80960335175737
59.87027932385075
59.87057067271353
59.874833711262276
59.879242063492065
59.90398412698412
59.90398412698412
59.90398412698412
60.82694687398769
60.82694687398769
60.82694687398769
60.82694687398769
60.867223701074636
60.867223701074636
60.867223701074636
60.89510657596372
61.13044372512348
61.13487729349795
61.13962591457735
61.14386829827716
61.15046352118829
61.15348690991548
61.16080696886493
61.164134721065295
61.16944705175915
61.17193153000845
61.177577812051496
61.17876697836325
61.18456399008201
61.18799925399041
61.19058755850452
61.21218298830323
61.21218298830323
61.24586507936508
61.30644077703972
61.31759994945126
61.31759994945126
61.349844238808586
61.349844238808586
61.349844238808586
61.349844238808586
61.349844238808586
61.349844238808586
61.349844238808586
61.35078829432035
61.36708093493808
61.36708093493808
61.36708093493808
61.36912036526322
61.38156974107473
61.38156974107473
61.38299296589384
61.39888767411726
61.39888767411726
61.72274478772991
61.726602484628295
61.73067149758454
61.73460066972525
61.74215377509029
61.746203703703706
61.759232331821615
61.759232331821615
61.759232331821615
61.785988662131516
61.785988662131516
61.785988662131516
61.857368869689
61.86332671323563
61.86755770927618
61.879807801700295
61.879807801700295
61.879807801700295
61.88493996083282
61.888780087604395
61.895395464852605
61.910554674944414
61.910554674944414
61.910554674944414
61.91213934152472
61.92111919019105
61.92532307237276
61.929196650547766
62.20770296722678
62.211930158730155
62.21735360810991
62.247479947202756
62.247479947202756
62.247479947202756
62.247479947202756
62.30269694266182
62.30269694266182
62.30479061825533
62.311186871110934
62.33275332494544
62.33275332494544
62.33275332494544
62.33275332494544
62.33275332494544
62.33275332494544
62.334857454207935
62.338583129736094
62.34271243938945
62.349620303977446
62.349620303977446
62.360538025466596
62.360538025466596
62.360538025466596
62.366745529236624
62.37341356777003
62.37713151927438
62.38044017016836
62.38593836322408
62.389069444444445
62.39390881352541
62.39846248827298
62.40261310873556
62.40692732991851
62.41094647581255
62.41545925691551
62.41954329304537
62.424221387629125
62.42790840974071
62.432315385273604
62.43676324415777
62.441440086451244
62.45614270427272
62.45614270427272
62.45614270427272
62.468751584987736
62.473392058701414
62.47850862302107
62.48322093018214
62.48745927887695
62.491680642907056
62.49656421105027
62.50155212512355
62.50625922709509
62.510622900789386
62.51527840765936
62.52551533414379
62.52551533414379
62.538735316103114
62.538735316103114
62.54073229968807
62.56758071482562
62.56758071482562
62.56758071482562
62.56758071482562
62.59647227245328
62.59647227245328
62.59647227245328
62.59647227245328
62.60285643824385
62.6070952513559
62.61654550377365
62.64452350446905
62.64452350446905
62.797991228070174
62.80115496198479
62.806022787416175
62.80994333200951
62.81430795438044
62.8181302365579
62.82204001913265
62.82618005583736
62.8305662868714
62.8334169106239
62.83762725779967
62.841889224825735
62.84661656060273
62.859718112994756
62.859718112994756
62.859718112994756
62.859718112994756
62.87243818162186
62.87243818162186
62.872589317208366
62.986910182399654
62.990880574452
62.99664840010078
63.031606198034765
63.031606198034765
63.031606198034765
63.031606198034765
63.031606198034765
63.031606198034765
63.031606198034765
63.531215578762165
63.53545475724537
63.539828505595786
63.54407918234449
63.5483282030761
63.5522516067571
63.55699655178876
63.921329307233094
63.921329307233094
63.921329307233094
63.921329307233094
63.921329307233094
63.921329307233094
63.921329307233094
63.954173669467785
63.954173669467785
63.954173669467785
63.954173669467785
63.954173669467785
64.03163526949243
64.03163526949243
64.03163526949243
64.03163526949243
64.03163526949243
64.03163526949243
64.03163526949243
64.03163526949243
64.07909346347236
64.07909346347236
64.07909346347236
64.07909346347236
64.07909346347236
64.07909346347236
64.07909346347236
64.07909346347236
64.1175123005177
64.1175123005177
64.1175123005177
64.16533257747544
64.16533257747544
64.16533257747544
64.16533257747544
64.51722222222223
64.51722222222223
64.53772732426305
64.53772732426305
64.53772732426305
64.53772732426305
64.54028950660725
64.54428579826993
64.58443058704965
64.58443058704965
64.58443058704965
64.58443058704965
64.58443058704965
64.58443058704965
64.58443058704965
64.58443058704965
64.58443058704965
64.58443058704965
64.61730902777778
64.6308143257303
64.6308143257303
64.6308143257303
64.64213151927439
64.64213151927439
64.74417793937499
64.76326508808653
65.01330906286728
65.01740667411244
65.02035298268036
65.03342254018725
65.03342254018725
65.03342254018725
65.03614913445054
65.03875630082182
65.04163268362153
65.04391986329043
65.05925991777183
65.05925991777183
65.05925991777183
65.06128644349687
65.0638561350466
65.0675011547829
65.12578254073397
65.13100086843248
65.13509809601051
65.14018039872464
65.14574594061423
65.15644497211883
65.15644497211883
65.16186928631102
65.1656252120205
65.17142242281528
65.17569906561847
65.17933553813683
65.18357892569857
65.20463134497334
65.20463134497334
65.20463134497334
65.20463134497334
65.20463134497334
65.20963988770112
65.21848182876755
65.25045010642293
65.25045010642293
65.25045010642293
65.25045010642293
65.25045010642293
65.25045010642293
65.4592067268492
65.46409139340707
65.46893288608634
65.47485368750675
65.47977409896487
65.48457146774257
65.49015001376273
65.49521806726683
65.57630928985351
65.57630928985351
65.57630928985351
65.5793679138322
65.61047484072995
65.61047484072995
65.61047484072995
65.61047484072995
65.61047484072995
65.61047484072995
65.62922831632655
65.62922831632655
65.62922831632655
65.62922831632655
65.62922831632655
65.63219563222114
65.63584775979358
65.6402387431163
65.64309872667016
65.65408337694053
65.65408337694053
65.65500765674236
65.74611166195479
65.76210559372666
65.89160268998616
65.89632637808488
65.90063213876616
65.90524585860618
65.90948280933996
65.91376620397679
65.91921825725778
65.92405533717445
65.92919108504967
65.93446427147074
65.93890951681702
65.94341460831397
65.94799796247003
65.95155921566415
65.95496391600119
66.11329608033691
66.13025321239607
66.14793352428691
66.379271946874
66.379271946874
66.379271946874
66.60394458368143
66.61352840420179
66.62244504536808
66.63172221343318
66.63955088702149
66.71051941609979
66.71051941609979
66.71051941609979
66.75879138321997
66.75879138321997
66.75879138321997
66.75879138321997
66.75879138321997
66.83983900226758
66.83983900226758
66.83983900226758
66.83983900226758
67.51841586246901
67.5888350047923
67.61035273368607
67.62695988138846
67.64506802721088
67.6624149659864
67.68015873015874
67.70130385487529
67.71825720764497
68.30262079470634
68.30676248165095
68.31112865447963
68.31569806650396
68.32096210224617
68.32453616389084
68.32976750007363
68.33478853556927
68.33881283068784
68.34301248134582
68.34718244674919
68.35154256854257
68.35575520063098
68.5584809201892
68.56184487403524
68.56536849383805
68.5689883316811
68.57263469592041
68.57650204500585
68.5802793576447
68.58371101033006
68.58729020999705
68.59095274292346
68.59493897891383
68.59846204360389
68.60219744104195
68.6058759588942
68.60975551432695
68.61320487472493
68.61660159257501
68.7502599493904
68.75562498058585
68.76152207326446
68.81764631978918
68.83849930269447
68.83849930269447
68.83849930269447
68.83849930269447
68.84047138629462
68.84470290156881
68.85279427760265
68.85987210404444
68.86213916574383
69.32200981072701
69.32815168361252
69.33314263668431
69.3376249007425
69.3425561160794
69.346958834816
69.66822902494332
69.66822902494332
69.66822902494332
69.67235733182163
69.69776689342405
71.65824263038549
71.67739682539683
71.69478911564626
73.16157501889644
73.17857112214256
73.19869788941219
73.21649206349207
73.23290298728188
74.07324329731892
74.07324329731892
74.11721726190477
74.11721726190477
74.11721726190477
74.11721726190477
74.11721726190477
74.15324056895487
74.1713238628785
74.18700788251809
74.20648841017889
74.22311889973382
74.24022448979592
74.61821995464854
74.63650661815115
74.65312547241119
74.67335517947016
74.68821759259261
74.70397871969301
74.76983379834269
74.78564983888293
74.80356810279667
74.81996436669907
74.83488765203052
75.14267240229427
75.1618853255588
75.18069160997733
75.19717457769626
75.26532980849106
75.35084240362814
75.5275314231653
75.55665438397581
75.55665438397581
75.55665438397581
75.5666076250694
75.57341095412524
75.58238777473471
75.5923446126036
75.60511869970613
75.60511869970613
75.61405482012626
75.61735803249071
75.66173344403379
75.66173344403379
75.66173344403379
75.66173344403379
75.66173344403379
75.66173344403379
75.66173344403379
75.66217013375399
75.68780711196932
75.68780711196932
76.08243926141886
76.09754761904763
76.1120277341706
76.12801148416355
76.14425229741019
76.1588007461049
76.17419926303856
76.1900532007675
76.3544425547997
76.36836839674142
76.54284259615795
76.55897178130512
76.57483695065328
77.04723999750523
77.05097807860619
77.05591639048782
77.06080556712482
77.06490474020549
77.06913723201171
77.41020876029738
77.4295068027211
78.29943322386427
78.30407785336357
78.30841675764957
78.31288493892181
78.31835717192861
78.56469948889088
78.58259592459054
78.7547331968058
78.7705871622392
78.78951365731479
78.803769910497
78.82241261284389
78.84167238489599
78.8584451176304
78.8737558987559
78.93421494404215
78.95199991901522
78.96951247165534
78.98705809307852
79.00171082468076
79.01770618723681
79.03545584045584
79.05111079617033
79.0657918221052
79.07978102962797
79.09612946055616
79.11323577916015
79.13377210884354
79.1520628736343
79.17152521325991
79.18764913657772
79.1948762282691
79.21025918894689
79.22564580498867
79.24429299633132
79.26168048469388
79.27860028860029
79.29601483216238
79.31200529100529
79.32710670431695
79.34239929911358
79.36079251700681
79.37976820357773
79.39444789510009
79.40727664399093
79.42872253143683
79.44514218299933
79.46062919557262
79.47541543112972
79.48272413030253
79.48285380818996
79.48660523911057
79.49157815814499
79.49615219421102
79.49718280132566
79.50800337822204
79.51164796912919
79.5623187658902
79.58008009655475
79.59529231982648
79.61166272306023
79.62723804250383
80.32220795845221
80.33787414965987
80.35977830458783
80.37678293766487
80.39275428243587
80.40875098338657
80.41827781377101
80.44201347782982
80.4619459062451
80.47841690716692
80.49226067583211
80.50348013816927
80.52639765877862
80.54336566725456
80.56526333647815
80.57937971552258
80.61889616223849
80.65484094120741
80.67078771191018
80.68808651665795
80.7053217567729
80.72040953377689
80.73632603766146
80.75626700680273
80.77380812249994
80.78857744257124
80.80576044703596
80.82290077647221
80.84116124968507
80.85765839669202
80.8775097917955
80.89055944282475
80.90735691997597
80.92393921038735
80.93446001511717
80.94963007801991
80.96443116294138
80.98941326530613
81.00751012309686
81.02341401023219
81.05183668841687
81.08851431339359
81.11546979475551
81.26599471956615
81.28443269428983
81.3031181795635
81.34468183106576
81.36459622558702
81.37972070676456
81.47737746380604
81.49381196133943
81.51277287819892
81.64560496261169
81.66479431142537
81.6804476740191
81.6952562537768
81.8519933624664
81.87005650865925
81.88668424673241
81.90502031835837
82.12210669853528
82.13685704837492
82.26249119505958
82.26249119505958
82.31572046383424
82.33265919956094
82.35182042407608
82.3689868406379
82.38671428571429
82.40367228161107
82.42128940349889
82.43715055441137
82.45294480393784
82.46914552865681
82.48628452839925
82.50460707780381
82.52270326159814
82.53857837413182
82.5537772497963
82.57141310918493
82.58851016008991
82.60742284282135
82.62416092034084
82.6393003203654
82.65071580587542
82.6722483085375
82.68176365595744
82.69793872751923
82.72342184827147
82.76434149138584
82.76593109826412
82.79148407974301
82.79148407974301
82.79148407974301
82.79148407974301
82.79148407974301
82.79148407974301
82.79148407974301
82.81657891821224
82.83084101623106
82.85207006082858
82.872210271496
82.90764512471657
82.96518557497737
82.96780198833537
82.97566836991207
82.99949743942523
83.10734192901968
83.10734192901968
83.11551875394967
83.14789394985047
83.22170634920636
83.23584755213561
83.31565827325956
83.32291524943311
83.34143031571604
83.35881310418905
83.37416966786715
83.39982258631153
83.4101758610987
83.42811197494872
83.44354105928086
83.46209300268572
83.47738662131519
83.53744803476947
83.57595382833985
83.59564779064779
83.61209237153982
83.62637581563237
83.64188910484829
83.65909297052156
83.69387572233195
83.71203703703705
83.72207177742892
83.73841469921304
83.75264957264959
83.76968636291727
83.78537283512439
83.80212087912088
83.81828241238016
83.83297317784258
83.85325465539752
83.87118291761149
83.88871179740333
83.94586879196125
83.96239599241058
83.99574811191695
84.01437145691611
84.03366653128914
84.04515325670499
84.08750361992188
84.09862335880855
84.1154168016413
84.1329440665155
84.23002683060803
84.2480053307873
84.26942871025962
84.28672411647587
84.3029305406373
84.317632608599
84.33483130248437
84.35043262919204
84.3747469095165
84.39254038025467
84.41101624125434
84.42859441073728
84.44545232127939
84.46295400064788
84.47871295644696
84.53755527210885
84.55734567901236
84.57113945578232
84.5870417710944
84.60173342950831
84.75452478134112
84.77046924146003
84.7897097505669
84.80505952380953
84.82186208565824
84.88245168265982
84.89046124242275
84.89046124242275
84.89099640169057
84.89498724489796
84.89873394608645
84.90522740524781
84.90522740524781
84.90567860155336
84.90838931124476
84.91257091194824
84.91526158082281
84.91809832187273
84.92124113740998
84.92553079695195
84.93017015683559
85.01750951395051
85.03258067329497
85.04783331411662
85.46708330748714
85.48254758616659
85.4919181297916
85.50658443960108
85.52430154820549
85.54036841350506
85.55492517006803
85.59872376300949
85.6177880527211
85.6338032764126
85.65203919663105
85.67367527687404
85.68263524457403
85.69677935119627
85.71329054202327
85.73388463718823
85.7512733599187
85.76019740606523
85.77711430757043
85.81476884208784
85.81476884208784
85.84685280293132
85.84685280293132
85.84685280293132
85.84685280293132
86.26016863083261
86.26512772925263
86.26970548972277
86.27388159095057
86.27815695922942
86.28286364819152
86.28716787340495
86.66031006213272
86.66031006213272
86.66031006213272
86.66031006213272
86.6635661067148
86.66905397323765
86.67175102040817
86.67607897596909
86.68089982213456
86.70388679281237
86.70388679281237
86.70388679281237
86.70388679281237
86.70388679281237
86.70388679281237
86.71244068073966
86.71244068073966
86.71244068073966
86.73068337451068
86.73068337451068
86.73068337451068
86.73068337451068
86.84735174069628
86.84735174069628
86.85571734364562
86.86083798782671
86.86476895043732
86.86898301849476
86.8734072642864
86.88247717040889
86.88247717040889
86.88559226143077
86.91368813580479
86.97283691062633
86.98816296161321
87.0085359960592
87.02747626552592
87.06157720622495
87.07902872260016
87.09553260986935
87.11181279919376
87.12882649666655
87.14850834879407
87.5241597185883
87.5241597185883
87.5241597185883
87.5241597185883
87.5241597185883
87.5241597185883
87.5241597185883
87.5241597185883
87.53540306276079
87.58244767137624
87.58244767137624
87.58244767137624
87.58244767137624
87.58244767137624
87.58244767137624
87.58244767137624
87.58244767137624
87.58244767137624
87.58244767137624
87.58244767137624
87.88134721287784
87.88134721287784
87.88484258166076
87.88784556878308
87.8917970521542
87.89463281093029
87.93764433978721
87.93764433978721
87.93764433978721
87.93764433978721
87.93764433978721
87.93764433978721
87.93764433978721
87.93764433978721
87.93764433978721
87.93764433978721
88.14675007447126
88.1512195515927
88.15580871154432
88.15974913109349
88.16364965315515
88.16768638284735
88.17182433336421
88.17579007175964
88.17909948979592
88.18326678989945
88.18715199141309
88.19097199589595
88.19437500608255
88.19804151342517
88.20144905273939
88.20557002238125
88.20984047652102
88.25398364765961
88.25398364765961
88.26098639455783
88.281726844584
88.281726844584
88.281726844584
88.281726844584
88.28375819094042
88.29510366051183
88.29510366051183
88.29724454639738
88.30890346614837
88.30975030322207
88.59569147814165
88.61152537938253
88.76582076308786
88.76985957063985
88.77369397073899
88.77718749254089
88.78591252662682
88.790415304912
88.79682367263342
88.8246794119947
88.8246794119947
88.8246794119947
88.8246794119947
88.8246794119947
88.8246794119947
88.8246794119947
88.8246794119947
88.82625879411594
88.87422067072444
89.44065442176871
89.44065442176871
89.44065442176871
89.44065442176871
89.50667709750567
89.52303109815355
89.54195194206716
89.86686022757452
89.86686022757452
89.86686022757452
89.87080489007197
89.87363476425053
89.8763551986067
89.87967966872014
89.93352781071654
89.93712333454091
89.96558934464875
89.96558934464875
89.96558934464875
89.96558934464875
89.96558934464875
89.96558934464875
89.96558934464875
90.06284116592629
90.06284116592629
90.06284116592629
90.06284116592629
90.06284116592629
90.06438769979538
90.0854946681239
90.0854946681239
90.16041444242805
90.1648961818962
90.17420360340572
90.17420360340572
90.26780975990074
90.27127183763872
90.27470780778364
90.28399539024004
90.28399539024004
90.28437982724897
90.28955767997435
90.29358467831578
90.30391611695184
90.33140421071872
90.33140421071872
90.33140421071872
90.33140421071872
90.33140421071872
90.33140421071872
90.33641786986904
90.36132401108593
90.36132401108593
90.36132401108593
90.51462916139909
90.54139272216824
90.54139272216824
90.54139272216824
90.54139272216824
90.54139272216824
90.62847787772297
90.63245738525295
90.63620148992693
90.63976811761134
90.64343836264466
90.64709341000581
90.65145108408174
90.65518858400931
90.65917118996263
90.66656409281205
90.67021327353234
90.67389023807158
90.67747172110323
90.68148568700664
90.74354532218793
90.74745854833961
90.75360456197267
90.75843166732977
90.76434882128953
90.76941820440751
90.77449367262702
90.77826279117708
90.88490221585711
90.88770637517094
90.8953361048123
90.8953361048123
90.8985493495644
90.96256089894705
90.96256089894705
90.96503884061877
90.96922146636433
90.97833173269309
90.98068912496507
90.98464896214897
91.45877893439256
91.46349812388723
91.46856780417085
91.47261338552309
91.4813006629827
91.4813006629827
91.4848543903935
91.49865299453114
91.49865299453114
91.49865299453114
91.50339339991316
91.50767020629391
91.51739800502412
91.52276329050139
91.52851300620715
91.55905510112278
91.55905510112278
91.55905510112278
91.55905510112278
91.55905510112278
91.55905510112278
91.55905510112278
91.56078491578215
91.585255504752
91.585255504752
91.585255504752
91.585255504752
91.585255504752
91.585255504752
91.59258118290865
91.59558579642142
91.59857042763602
91.70708154009904
91.71080039543952
91.72280785848119
91.72280785848119
91.72280785848119
91.72320861678006
91.76847952675531
91.78620158267388
91.82372687556361
91.82977736419515
91.85818644435967
91.85818644435967
91.85818644435967
91.85818644435967
91.86288454048287
91.86747936553425
91.89653695571057
91.89653695571057
91.89653695571057
91.89653695571057
91.89653695571057
91.89653695571057
91.8986758817002
91.90976802255605
91.90976802255605
91.97163427275673
91.97163427275673
91.97163427275673
92.11394425302589
92.12736709498616
92.12736709498616
92.12736709498616
92.13891124068675
92.13891124068675
92.30717821045268
92.3118571621968
92.31666967120182
92.32078269540749
92.32514923246787
92.33261318586392
92.33482449699457
92.34720967291027
92.3538130238903
92.44413867134155
92.44413867134155
92.44413867134155
92.46703515238696
92.46703515238696
92.46703515238696
92.46807618491947
92.47093113225004
92.47491924078274
92.47781527085435
92.54841733409292
92.5542364778079
92.55931704488411
92.58878149659864
92.58878149659864
92.58878149659864
92.65701360544219
92.65701360544219
92.65701360544219
92.65701360544219
92.65701360544219
92.65701360544219
92.65701360544219
92.65701360544219
92.65701360544219
92.65928124014928
92.66162335805193
92.66672015472857
92.68109153777598
92.68109153777598
92.84783072013231
92.86523323615161
92.91744200759881
92.93145881447268
92.93145881447268
92.93145881447268
92.93580871490897
92.93881133322046
92.94392524007031
92.94735732043823
92.95068532421605
92.99208411071884
92.99208411071884
92.99208411071884
92.99208411071884
92.99549657783604
93.01257465427486
93.01257465427486
93.12680333267471
93.12680333267471
93.12680333267471
93.12680333267471
93.12680333267471
93.1615527726242
93.1615527726242
93.1615527726242
93.1615527726242
93.1615527726242
93.1615527726242
93.1615527726242
93.1615527726242
93.1615527726242
93.1615527726242
93.62578335222979
93.62578335222979
93.62578335222979
93.62578335222979
93.63294658604184
93.63503275384228
93.63945172771096
93.64445075951528
93.66705291005292
93.66705291005292
93.66705291005292
93.66705291005292
93.66930958348252
93.7370068027211
93.7370068027211
93.7370068027211
93.73748581590313
93.75968365584578
93.75968365584578
93.75968365584578
93.75968365584578
93.75968365584578
93.75968365584578
93.80445422163469
93.80445422163469
93.80445422163469
93.83637934239364
93.83637934239364
93.83637934239364
93.83637934239364
93.83637934239364
93.83637934239364
93.83669761598334
93.83982017486483
93.84695595330167
93.88905675211262
93.89322833760512
93.90265408419008
93.90265408419008
93.9053370866999
93.93934847748623
93.93934847748623
93.93934847748623
93.93934847748623
93.93934847748623
93.93934847748623
93.93934847748623
93.93934847748623
93.98572190624884
94.00039443847716
94.19917218509823
94.20906084656086
94.20906084656086
94.23088546782081
94.23088546782081
94.23088546782081
94.23088546782081
94.25187228853807
94.26799872519489
94.32675058586895
94.33141539498682
94.33665413533835
94.35188066893426
94.35188066893426
94.35188066893426
95.25684278155708
95.27777615808229
95.42729199372057
95.44847713068968
95.466253872441
95.67499183673469
95.71516397705965
95.71904303565398
95.75257921864934
95.75257921864934
95.75257921864934
95.75257921864934
95.75257921864934
95.75257921864934
95.75797374176497
95.76193852903481
95.76774385787373
95.7797633782755
95.7797633782755
95.7797633782755
95.78321079017337
95.78664842095779
95.79022747827455
95.81595841394662
95.81595841394662
95.81595841394662
95.81595841394662
95.81595841394662
95.81595841394662
95.8179946602297
95.82464805816508
95.8398887716006
95.8398887716006
95.8398887716006
95.84345730467462
95.84573059186222
95.86207306043805
95.86207306043805
95.86207306043805
95.8632334142234
95.95522514781835
95.95997819640678
95.9692226665441
95.99899662452502
95.99899662452502
95.99899662452502
95.99899662452502
95.99899662452502
95.99899662452502
95.99899662452502
96.074670970429
96.074670970429
96.074670970429
96.09961716601535
96.09961716601535
96.11142403628119
96.11142403628119
96.22966310811444
96.24746223990263
96.26618202495723
96.28587918351063
96.31628495842781
96.31999072356216
96.32349539017206
96.32728420876548
96.34589484936834
96.34589484936834
96.34589484936834
96.34589484936834
96.34589484936834
96.37398861810097
96.39346953127243
96.42714771622936
96.84508945224772
96.84508945224772
96.85519181005736
96.85519181005736
96.85601714390172
96.85934909367475
96.86355253212398
96.8677202912415
96.87371958033613
96.87852433703692
96.88226010056196
96.8842224111867
96.89072128439854
96.89624660563815
96.89880425038234
96.90324740770096
96.90801937628986
96.91234901543089
96.91706701940036
96.92125969506922
96.92513168655441
96.92939170256197
96.93371047790185
96.93814162028448
96.94192532761659
96.94628746297926
96.95021845427769
96.95447491320765
96.96050041228612
96.9626478181016
96.96688364072017
96.97026064274282
96.97575773432916
96.9792428082344
96.98308314151926
96.9874732687947
96.99083007671155
96.99448303877666
96.9987830933924
97.00286452965025
97.0067138286043
97.01036682983415
97.01435392555291
97.20835723847773
97.20835723847773
97.20835723847773
97.49122905100738
97.49589230497395
97.50075447523183
97.50927663633023
97.5126815277529
97.51910341681453
97.52068178747614
97.54450213713804
97.54450213713804
97.54450213713804
97.54450213713804
97.54450213713804
97.6122420211866
97.6122420211866
97.6122420211866
97.6122420211866
97.6122420211866
97.72904704254584
97.73447274376419
97.7382878121626
97.7425220628792
97.74714177160227
97.75178435087116
97.75722848113605
97.76143145393752
97.76641362605649
97.7706280569029
97.77504300893912
97.77970171607738
97.78373739857389
97.78807205469253
97.79351526521262
97.79765426524592
97.80218056893716
97.8074418188328
97.84122408845545
97.86065724571617
97.9214799652396
97.92540579262008
97.92997018560511
97.93460351817495
97.93913217138707
97.94315147392291
97.94727274967958
97.95170242455958
97.96852588493026
97.96852588493026
97.96852588493026
98.03358802918883
98.03979763001976
98.04327123597
98.04799873869112
98.05167740448084
98.05539244894688
98.0593126855262
98.06324418259368
98.06612260707736
98.18708489626381
98.19228699142492
98.22715527480835
98.22715527480835
98.22715527480835
98.22715527480835
98.22715527480835
98.22715527480835
98.22715527480835
98.22715527480835
98.27800653594772
98.27800653594772
98.27800653594772
98.27800653594772
98.27800653594772
98.27800653594772
98.27800653594772
98.27837760501028
98.28501616488181
98.32379469736613
98.32379469736613
98.32379469736613
98.32379469736613
98.32379469736613
98.32379469736613
98.32379469736613
98.32379469736613
98.32698257548634
98.35616187253244
98.35616187253244
98.35616187253244
98.35616187253244
98.35616187253244
98.35616187253244
98.35616187253244
98.35616187253244
98.36150262942057
98.36367229024944
98.38862045464539
98.41513830946744
98.41513830946744
98.42729369049826
98.42729369049826
98.43113048145068
98.43593334657464
98.46252344542697
98.46252344542697
98.46252344542697
98.46252344542697
98.46252344542697
98.48226658125674
98.48226658125674
98.48226658125674
98.48226658125674
98.48733176066126
98.49164581746255
98.50303218639284
98.50497224078549
98.52016326530612
98.52016326530612
98.52670849080373
98.52851361481233
98.54680334259952
98.54680334259952
98.54680334259952
98.54680334259952
98.57064227898665
98.57064227898665
98.57064227898665
98.57064227898665
98.57064227898665
98.59070140419236
98.59070140419236
98.59070140419236
98.60079545045532
98.60079545045532
98.62007474966389
98.62007474966389
98.6216058146286
98.64991546326134
98.64991546326134
98.64991546326134
98.64991546326134
98.64991546326134
98.64991546326134
98.64991546326134
98.64991546326134
98.68341133418137
98.68341133418137
98.68341133418137
98.68341133418137
98.78550592914762
98.80725265544815
98.82560281944104
98.94888816519516
99.32023861059575
99.32023861059575
99.32023861059575
99.38673625772148
99.38673625772148
99.38673625772148
99.38673625772148
99.38673625772148
99.52574020084225
99.52574020084225
99.55286848072564
99.55286848072564
99.55286848072564
99.55286848072564
99.64041502197588
99.64566981434888
99.6483647515231
99.74490896471329
99.74490896471329
99.74490896471329
99.74886827875551
99.75816713185795
99.85698018856667
99.8733274179237
99.88525934183197
99.89082886108886
99.89625764405191
99.90125392664712
99.90655569727892
99.91623500651646
99.91623500651646
99.92000763257111
99.92931211837836
99.93285355657915
100.03495494953144
100.03495494953144
100.04192803437165
100.06957625195673
100.06957625195673
100.06957625195673
100.06957625195673
100.06957625195673
100.52750588518786
100.53161729002177
100.53567927824726
100.5436757941873
100.55682024957223
100.55682024957223
100.55682024957223
100.55838595460334
100.5609208503584
100.56408380642101
100.5682912523984
100.57180671365613
100.57449467787116
100.57964045960941
100.59476080568284
100.59476080568284
100.59476080568284
100.59476080568284
100.65258888079042
100.65258888079042
100.65258888079042
100.65258888079042
100.65258888079042
100.65258888079042
100.65258888079042
100.80451951951953
100.80919442990873
100.81324192176872
100.81753968253969
100.82229767769178
100.82716037930325
101.78026179857643
101.78387056290022
101.81079781279603
101.81079781279603
101.81079781279603
101.81079781279603
101.90300416743274
101.90909184837523
101.91402530822435
101.91887077789067
101.92372810885627
101.92929448639804
101.93421849636137
101.93925030479726
102.06721377502843
102.07206798635372
102.10407473134183
102.10407473134183
102.10407473134183
102.10407473134183
102.10407473134183
102.10407473134183
102.10407473134183
102.10407473134183
102.17858735534858
102.18217811983551
102.18581808120074
102.18966389726468
102.1934773257037
102.19804749493869
102.34170240723222
102.3459397276406
102.35009727891156
102.35402220658379
102.35839677444012
102.36243655154371
102.3664653988116
102.37157974300833
102.37492080934938
102.378597087958
102.8998755478868
102.90472171335728
102.90901575673004
102.91395291075933
102.91862042232134
102.92184275507148
102.92601357507289
102.93021691586956
102.95543681753932
102.95543681753932
102.95543681753932
102.95543681753932
102.95543681753932
102.95543681753932
102.95897503445823
102.96851081786097
102.96851081786097
103.01063937479753
103.01063937479753
103.01063937479753
103.01063937479753
103.01063937479753
103.0155850838504
103.02570088641518
103.02570088641518
103.03805589631116
103.03805589631116
103.28875252803824
103.29084644274377
103.29478637068864
103.29960007440476
103.30706062644839
103.31457168052407
103.32309959654859
103.33186426951734
103.33186426951734
103.3518792517007
103.3518792517007
103.3518792517007
103.3518792517007
103.35381593981262
103.3570600785117
103.36261631560255
103.36650970017637
103.38372023809524
103.38372023809524
103.50756613756616
103.50756613756616
103.50756613756616
103.50756613756616
103.50756613756616
103.8261453271785
103.8261453271785
103.8261453271785
103.8261453271785
103.8261453271785
103.8261453271785
103.83630714200918
103.85047063269752
104.49850806989463
104.5498299319728
104.5498299319728
104.74737898057774
104.76590205187766
105.24857671957672
105.25381153887318
105.26964563728536
105.26964563728536
105.26964563728536
105.2720706057504
105.27626551099566
105.28109767458527
105.28592849260917
105.28793572532258
105.30278572397621
105.30278572397621
105.30278572397621
105.31496656289634
105.5159630202792
105.52491515880729
105.53587639734256
105.53587639734256
105.53782119351807
105.5551340411554
105.5551340411554
105.5551340411554
105.5551340411554
105.8192959206765
105.82088243332078
105.82471139971142
105.82772590227898
105.83123396968968
105.83931280737404
105.86013341176071
105.86013341176071
105.86013341176071
105.86013341176071
105.86462271892884
105.87203026947213
105.87203026947213
105.88219297242706
105.88428296237589
105.88808921654787
106.00828244599874
106.01283411580596
106.01757400257401
106.02220148929138
106.06071207344726
106.06071207344726
106.06071207344726
106.06071207344726
106.06071207344726
106.06071207344726
106.06071207344726
106.06071207344726
106.06071207344726
106.06225841021342
106.10981783824643
106.10981783824643
106.10981783824643
106.10981783824643
106.10981783824643
106.10981783824643
106.10981783824643
106.10981783824643
106.10981783824643
106.10981783824643
106.10981783824643
106.11216469303773
106.11696712018141
106.28493410469602
106.28493410469602
106.30046917179571
106.30046917179571
106.30046917179571
106.3224132706042
106.3224132706042
106.3224132706042
106.3224132706042
106.3224132706042
106.3224132706042
106.32955195528504
106.3333088691826
106.33707452758881
106.34172989390404
106.42769425520392
106.43194486436552
106.43628289205371
106.45406428043141
106.45406428043141
106.45406428043141
106.45406428043141
106.45676831986356
106.49561726329877
106.49561726329877
106.49561726329877
106.49561726329877
106.49561726329877
106.62826474324956
106.63263878765792
106.63703288903638
106.64091553287983
106.64548575253396
107.16554346182919
107.16554346182919
107.20021071321611
107.20021071321611
107.20021071321611
107.20021071321611
107.20021071321611
107.20021071321611
107.20021071321611
107.89543243964253
107.93664723032072
107.93664723032072
107.93664723032072
107.93664723032072
107.93664723032072
107.93664723032072
107.93664723032072
107.94028946272388
107.94629436056266
108.27210353293127
108.27779794360494
108.28347260874048
108.288945720846
108.2945202291443
108.30101156670621
108.30712648022173
108.45335561264133
108.4589395313681
108.4636603209091
108.46935637480799
108.47329764004368
108.47823756003437
108.4831611394558
108.48787242987083
108.49225764571806
108.49691844230806
109.15242538456825
109.19806538942109
109.19806538942109
109.19806538942109
109.19806538942109
109.19806538942109
109.19806538942109
109.19806538942109
109.19806538942109
109.19806538942109
109.19806538942109
109.19806538942109
109.30735624598098
109.31947151995128
109.31947151995128
109.31947151995128
109.33943923325025
109.33943923325025
109.33943923325025
109.35494984579813
109.42796819268248
109.43209385669978
109.44821041520058
109.45444255479971
109.46931697289509
109.46931697289509
109.47672101972103
109.48182627429792
109.49344371882087
109.49344371882087
109.49592667902017
109.50109848158672
109.50527478219358
109.50956923112888
109.51397912401208
109.51864853011912
109.52305438389692
109.53050594104309
109.53087034586304
109.53618624299155
109.53974612067049
109.56629491945478
109.57177772302371
109.5776591281674
109.58298248387135
109.5898264011487
109.81263567649282
109.81263567649282
109.81346821487217
109.8451952632905
109.8451952632905
110.10451260379833
110.11482568785091
110.12524485364179
110.13673439918603
110.14501919920824
110.30630591630592
110.4186385836386
110.44123449379752
110.4573299319728
110.47522152450723
110.885828946244
110.90467637105502
111.08883705863298
111.09367118052229
111.09837701747367
111.10235150157624
111.10872679280045
111.11356193640248
111.16461747017648
111.16461747017648
111.17067775258252
111.17864463480866
111.17864463480866
111.19300644468314
112.18541407867495
112.2028553985697
112.2252614379085
112.27810483167626
112.29715520282187
112.31560298949512
112.54527294868566
112.56937188208619
112.84025083441618
112.84409830028878
112.84793665157115
112.85210741254431
112.85584749170606
113.09385319069197
113.11286304604486
113.30008325234856
113.30008325234856
113.30008325234856
113.32972219981538
113.32972219981538
113.32972219981538
113.32972219981538
113.32972219981538
113.32972219981538
114.0290912262341
114.03399520814615
114.03813996355188
114.04234469365304
114.04667051344349
114.94848939575832
114.96760179434092
115.00137949836424
115.00496107895896
115.00855691994313
115.01304096678166
115.01676014109349
115.0204271240411
115.0272929814496
115.03084074655504
115.03474252066418
115.03838846166488
115.04220098107271
115.04580005539111
115.04984640397039
115.05374855602619
115.05714894599815
115.11381615539298
115.13241466762145
115.1858469207789
115.20748793534509
115.39357823129252
115.41496196327995
115.49345649201157
115.51270249433108
115.53124266457002
115.55260979009341
115.73822771030703
115.74642393809127
115.75654488860943
115.76641172537069
115.77681782986663
115.78690837522797
115.79755000723695
116.22929501715217
116.23543083900228
116.2410902680707
116.25307887808368
116.25978566029588
116.26573113054746
116.27246392496393
116.27914414414415
116.28490060062256
116.6918557445716
116.71068783068785
117.37117103984451
117.40470919361898
117.50275173219222
117.50759940676609
117.51225994147923
117.51733177608394
117.5230759714668
117.52910604663892
117.53506355143602
117.54211267668853
117.55067703802833
118.20795610625203
118.21200202888174
118.21608644627442
118.22062727098873
118.22462191835209
118.22915669716163
118.23405496766608
118.24205829554045
118.30035197782819
118.30448918635555
118.30865160349855
118.31285514205683
118.75044235636207
118.75417336496002
118.7578867223457
118.76167701023627
118.76558738801027
119.1213129816242
119.32062250296946
119.32551298882126
119.32912258781064
119.33366038723182
119.35105245944533
119.35105245944533
119.35105245944533
119.35105245944533
119.40695416920157
119.41187920573635
119.41740746063685
119.42150590351083
119.42635415668616
119.42963309018387
120.08973949897421
120.24719995140914
120.24719995140914
120.24719995140914
120.24719995140914
120.24719995140914
120.24719995140914
120.25356960408685
120.25453153988869
120.28808049886622
120.28808049886622
120.50732164660737
120.52240929705216
120.5881869717584
120.60584656084657
120.76313181186454
120.77292044595616
120.8609823929572
121.55340574429822
121.55733007023949
121.5616735236054
121.56500629127234
121.56954146291586
121.57345265396056
121.57726264750022
121.58112640505001
121.58512780869924
121.58949993951069
121.75844161819317
121.76267606464552
121.76817845377145
121.77153143681716
121.77601471767414
121.78019539730786
122.26316747317485
122.32984360410832
122.34652855081427
122.36206553659716
123.6583626784047
123.69592130679433
123.69592130679433
123.72424414210128
123.74552415838131
123.76487252558682
123.7835267857143
123.80029856387
123.82258059745638
123.84007578469985
123.8589141247897
123.87623730651683
123.89734945830185
123.9146707657422
123.93413580246914
123.95183219954649
124.35738642583472
124.35738642583472
124.37239984882842
124.37239984882842
124.37239984882842
124.37239984882842
124.38708556820166
124.38708556820166
124.3895986394558
124.39263966192537
124.40114680768141
124.40114680768141
124.41150042517008
124.41150042517008
124.41150042517008
124.41347830935653
124.42291235012524
124.42291235012524
124.42593376654145
124.43127830879187
124.43368952751169
124.46991493431638
124.49086631622347
124.51336252449698
124.53202391765063
124.54579651784086
124.57640691712122
124.59499092970522
124.78590578427904
124.78590578427904
124.79652561723991
124.8140503740437
124.8140503740437
124.8140503740437
124.8140503740437
124.84069664902998
124.87594419249181
125.49067647271676
125.49409972963545
125.49834309162262
125.51349441663459
125.51349441663459
125.51349441663459
125.51589838513675
125.52250441785911
125.52574481074481
125.56117751862651
125.56117751862651
125.56117751862651
125.56117751862651
125.62846586294499
125.63228784965614
125.63597133076594
125.63985808630022
125.64351823886707
125.64710640498475
125.65459000337724
125.65894728261675
125.89398612992107
125.90993897933706
125.92301470013294
126.07000010240655
126.07482763592094
126.07895970695971
126.09458427815571
126.09458427815571
126.09458427815571
126.53775667966632
126.54157576185767
126.54543195603365
126.55025054723238
126.55527219622596
126.55856598405283
126.56295822061129
126.56721890857585
126.59408574057643
126.59408574057643
126.59408574057643
126.59408574057643
126.59408574057643
126.61406715278704
126.61406715278704
126.61406715278704
126.61406715278704
126.61406715278704
126.62061391574174
126.63585580167027
126.63585580167027
126.63585580167027
126.63585580167027
126.66736868785976
126.66736868785976
126.66736868785976
126.67152560591337
126.68654405086285
126.68654405086285
126.68654405086285
126.68654405086285
126.69374959507613
126.69575476669542
126.6985781562428
126.70704724675942
126.70841608808473
126.82156720263865
126.83804340783934
126.85576971529353
126.87975812547242
127.11249766573297
127.11249766573297
127.11249766573297
127.11249766573297
127.31869114312393
127.31869114312393
127.31869114312393
127.3208922760178
127.32605737415665
127.33221041487678
127.33559582158328
127.34060598907747
127.34454207842693
127.34872522801095
127.35262734162735
127.3568156899264
127.36710113378686
127.3725335276968
127.39096905428839
127.39096905428839
127.39096905428839
127.39096905428839
127.39431858810545
127.39887734027936
127.40262910490183
127.4057838636202
127.41004324420761
127.41405659661635
127.41724682037234
127.42108995877385
127.42501794196998
127.4296441789151
127.43395364556079
127.44400738605658
127.44400738605658
127.44456598401182
127.45513563057622
127.45775312571513
128.67884894867038
128.68408040693754
128.6883958448244
128.6925441489727
128.69740173847316
128.7207519436346
128.7207519436346
128.7207519436346
128.75644094001237
128.75644094001237
128.75644094001237
128.75644094001237
128.75644094001237
128.75644094001237
128.75812844847295
128.7616424991049
128.76480645779438
128.78936570924665
128.78936570924665
128.78936570924665
128.78936570924665
128.78936570924665
128.78936570924665
128.79330839002267
128.79833333333332
128.83056825396824
128.83056825396824
128.83056825396824
128.83056825396824
128.83056825396824
128.83056825396824
128.83056825396824
128.87708843537416
128.87708843537416
128.87708843537416
128.94879787951217
128.94879787951217
129.1480073696145
129.1480073696145
129.15078735197784
129.17045578231293
129.17045578231293
129.17045578231293
129.17045578231293
129.17045578231293
129.2622026386312
129.2622026386312
129.2622026386312
129.2622026386312
129.2622026386312
129.28684483317136
129.46173620559333
129.48758915687486
129.48758915687486
129.48758915687486
129.48758915687486
129.48758915687486
129.9809334845049
129.989171001734
129.989171001734
129.99558771808043
130.00522218061536
130.03016334929032
130.03016334929032
130.03016334929032
130.03016334929032
130.03016334929032
130.03069805466043
130.03495250352393
130.0397790856957
130.04821692313286
130.0526668711753
130.05774308021736
130.0617775704185
130.07124663572594
130.07572676497892
130.08102675137602
130.08783612448303
130.08826486581688
130.09226011891022
130.0962586764986
130.1004730701397
130.10442176870745
130.11246155572582
130.1175886811601
130.12183713722175
130.1262145904957
130.13289658919123
130.13542661774335
130.13911962498278
130.14313609622036
130.146883949927
130.15208162885477
130.15641739980447
130.16073811091258
130.16481388633883
130.1749114420543
130.1749114420543
130.1903333333333
130.1903333333333
130.19093744376056
130.19685446299732
130.20157573920656
130.20606118288293
130.21018641565152
130.23037022775566
130.23037022775566
130.23037022775566
130.23261765817435
130.2370294080365
130.25226860441146
130.25226860441146
130.25226860441146
130.25259831551668
130.25689266817838
130.2615791405129
130.2659609308204
130.2918662131519
130.2918662131519
130.2918662131519
130.2918662131519
130.2918662131519
130.8750934659578
130.8750934659578
130.8750934659578
130.87905588255572
130.88240042581916
130.88874890832523
130.89023847708341
131.17406037414963
131.17792740046838
131.1822311550883
131.1866423712342
131.19054922744292
131.1947647575159
131.1990013364444
131.203104800153
131.2069474800673
131.3167669496739
131.3212253585981
131.34008390022674
131.34008390022674
131.34008390022674
131.36430366591082
131.36430366591082
131.36430366591082
131.59517874496737
131.59517874496737
131.59517874496737
131.59517874496737
131.59991081206863
131.60397505668934
131.61305887872388
131.61305887872388
131.6156995121281
131.63190287225999
131.63190287225999
131.63190287225999
131.87949576321756
131.87949576321756
131.87949576321756
131.87949576321756
131.87949576321756
132.0178369866465
132.0178369866465
132.0178369866465
132.2375388758929
132.2375388758929
132.2375388758929
132.2375388758929
132.2375388758929
132.2375388758929
132.57002743032695
132.61032069970844
132.61032069970844
133.12313935719214
133.12313935719214
133.12313935719214
133.12313935719214
133.12313935719214
133.28083075654504
133.28083075654504
133.28083075654504
133.69954000647877
133.69954000647877
133.69954000647877
133.70308022739613
133.75912038233014
133.76409755391518
133.76911598983025
133.77365873015873
133.7782514650882
133.78248219755739
133.78713982306536
133.7918559597752
133.79676766091052
133.8011122147974
134.08662801932365
134.09144709238532
134.09578845776053
134.10156977188143
134.10521920574425
134.10980816577438
134.5026385643316
134.50650526877416
134.50982162716468
134.5136297648884
134.51736559795816
134.52153849945776
134.52529784017625
134.52949553809464
134.53375958894196
135.07301169590644
135.42091408890602
135.42538337112623
135.4305893319671
135.43666405023546
135.4497543461829
135.4497543461829
135.452377860235
135.47417489576475
135.47417489576475
135.47417489576475
135.47417489576475
135.47417489576475
135.48608404652182
135.48608404652182
135.4939016980838
135.49742782478845
135.50212646084074
135.50679176114892
135.51051575732333
135.52512571225674
135.52512571225674
135.76169853169645
135.76551456480027
135.7724201287658
135.78354087931467
135.78354087931467
135.78354087931467
135.79201840290528
135.98887233882493
135.9928430947412
135.9973575207861
136.00188512803496
136.0227880435842
136.0227880435842
136.0227880435842
136.0227880435842
136.0227880435842
136.02389545941833
136.03009543791973
136.04034993421234
136.04034993421234
136.04400835642898
136.04510837438423
136.04876110804682
136.05254726870473
136.05662388069584
136.1660669636586
136.18423915665556
136.36047539576577
136.36601872280445
136.37263133150438
136.37775025019317
136.38297060055146
136.38838537954862
136.39429969884904
136.41663949556428
136.4212566687948
136.4280447921236
136.4331917973801
136.43806104611622
136.44255767982534
136.44865332002365
136.45367682235496
136.4573986979001
136.46165035766765
136.46571188731903
136.4688760393046
136.4724762171535
136.49345791830592
136.49345791830592
136.49345791830592
136.49345791830592
136.49391109547267
136.49696576817618
136.50450894431847
136.5106428518199
136.51563114134544
136.64226752227722
136.646946039251
136.650719125234
136.65459662185083
136.67214105189
136.67214105189
136.67214105189
136.67214105189
136.67214105189
136.67521473168523
136.67846511251233
136.69604581491961
136.69604581491961
136.69604581491961
136.69604581491961
136.69604581491961
136.70106162265654
136.70557972093945
136.70745799090346
136.72672002231266
136.72672002231266
136.72672002231266
136.72672002231266
136.72925562817719
136.73186414785005
136.74680251982448
136.74680251982448
136.74680251982448
136.74884644169654
136.75107226634498
136.7553387357599
136.75787811385493
136.86301436798908
136.86301436798908
136.86301436798908
136.86301436798908
137.09333338327988
137.1272589817177
137.1272589817177
137.14299952045266
137.14299952045266
137.14299952045266
137.14299952045266
137.14299952045266
137.48658579614417
137.49665521427426
137.51596675388103
137.5888279478458
137.5888279478458
137.5888279478458
137.5888279478458
137.91019274376416
137.93781405895692
137.95690476190475
137.97419680152763
138.6871485260771
138.70640708915144
138.7214729780801
138.76502585034012
139.07222551386144
139.07222551386144
139.65998785005277
139.68406665974277
139.70478907764223
139.72261488268776
139.74055013309672
139.76007352435923
139.78381335124283
139.80031782605514
139.83080333522295
139.86730255064987
139.89007661650518
139.90763438708817
139.9303451591607
140.51758432539683
140.53699680749492
140.57955544757584
140.59599481593278
140.61528564397335
140.69917100173402
140.99114289763523
140.99114289763523
141.00589309334845
141.30713629311373
141.32640311907073
141.34090929705215
141.68781895214227
141.68781895214227
141.70002415458939
141.70002415458939
141.70002415458939
141.70002415458939
142.1186720521542
142.1249105716112
142.1307832840488
142.1358340453471
142.14092270297854
142.14948663439736
142.16038229531293
142.16038229531293
142.16349987891596
142.16649535087404
142.19013071895424
142.19013071895424
142.19013071895424
142.19013071895424
142.19013071895424
142.19013071895424
142.19164811379096
142.19464588341603
142.1976037228078
142.23582604470357
142.23582604470357
142.23582604470357
142.23582604470357
142.6661064809868
142.6703537414966
142.67464504175652
142.67910052910054
142.68388824712275
142.68904617090865
142.69300701337002
142.69747663900725
142.7021375707747
142.70647376864576
142.71119094373142
142.7172870853768
143.16004049238742
143.20858797070738
143.20858797070738
143.20858797070738
143.24197371637626
143.24627381579936
143.25066834584797
143.25451492144478
143.2604988488504
143.2626313037912
143.26691679250453
143.27146885868018
143.27450774059622
143.2775392475472
143.28082900135004
143.9870605508591
143.9904428169117
143.99470074956977
143.99809798549683
144.0015652387081
144.00578451178453
144.3122152194211
144.3299678760393
144.34625697714984
144.44606828539995
144.45033425541723
144.45465977772605
144.45891381742706
144.46382060617674
144.46834627393716
144.48021730914587
144.48021730914587
144.48021730914587
144.48630741347634
144.4904929166386
144.49416666666667
144.50658775510203
144.50658775510203
144.50658775510203
144.53192824748947
144.53192824748947
144.53192824748947
145.1187371077463
145.13310877038987
145.13310877038987
145.13310877038987
145.13310877038987
145.44952197232217
145.4541433906896
145.45857383357384
146.28963788807704
146.29842767717415
146.30909291466998
146.31736990689302
146.32584354786462
146.33607487333052
146.99731694513721
147.00594130312675
147.01457196047141
147.77840772526315
147.78145441859726
147.78529264728033
147.78912385532686
147.79250802611995
147.79625184972267
147.7994994792592
148.52824198638098
148.53275843670804
148.53767214202753
148.54171300404218
148.5461523735177
148.55092634584696
148.55556380127808
148.5595715067636
148.56397672149026
148.5681578063324
149.63650604686316
149.63650604686316
149.63650604686316
149.85650901062178
149.85650901062178
149.85650901062178
149.85650901062178
149.85650901062178
149.85818951153206
149.88468825470568
149.88468825470568
149.88468825470568
149.88468825470568
149.88468825470568
149.88468825470568
150.24001529712413
150.24353526077095
150.2462209094164
150.24895297249333
150.25206769804697
150.2550281634724
150.25866813392022
150.26252676264303
150.2659589775304
150.27808052697662
150.27808052697662
150.27808052697662
150.27808052697662
150.28623667377397
150.28623667377397
150.66658660027585
150.67027743325693
150.67416953011607
150.6780152601581
150.6819685887354
150.68538504193526
150.6894862079853
150.69285955327013
150.6973399496785
151.0383775816633
151.0427701814059
151.04756955476802
151.0513185201617
151.05559587224718
151.0597476925042
151.06406146798764
151.06895053854873
151.07331423259993
151.07776740895787
151.08163452627426
151.08595144587045
151.09006401534972
151.63953133925327
151.64397455278407
151.64843318174414
151.65288376220053
151.6578441108244
151.6617009439435
151.66615959027288
151.67057936507936
151.96542806197368
152.31669012134114
152.33306159022746
152.36323392158798
152.37943560090704
152.81368057319744
152.8211512532941
152.8264735571648
152.82903570098972
152.83486234442887
152.84055544385242
152.84923958316816
153.0505025068131
153.06607688754514
153.08721541950115
153.10205782312926
153.1968451721774
153.1968451721774
153.2126740029345
153.3882027523653
153.40640742783597
153.42222984951556
153.4284865663437
153.4342377463806
153.44011243386242
153.44703875489589
153.45874260273214
153.45874260273214
153.49514877495713
153.50161584173898
153.50612760255615
153.51268747264987
153.51891349447578
153.52391012945262
153.52895833333332
153.53569115646258
153.55351693911393
153.55351693911393
153.56218876168353
153.56807153164294
153.5736572724328
153.57850488021296
153.59316830435878
153.59316830435878
153.62060090702948
153.63655952380952
153.63655952380952
153.64713151927438
153.64713151927438
153.67038548752834
153.67038548752834
153.67038548752834
153.67038548752834
153.70331234621506
153.72514445284287
153.7454465375894
153.86412296101236
153.8953192046049
153.91461885463403
153.934052154195
153.95567688767048
153.97566549852266
154.06592534449675
154.07954000647877
154.07954000647877
154.07954000647877
154.25792001649145
154.27602460737378
154.29589635854342
154.82036135246176
154.82495449479225
154.82928781036222
154.8337816220238
154.8379941809296
154.8421344222069
154.84618237771298
154.85010361552028
154.8551201894185
154.85848865517576
154.86258004940674
154.86620657786924
154.8703844252806
155.1166388963809
155.12125031950043
155.12986189106516
155.13512573381718
155.139292277026
155.14492346938775
155.1492701755337
155.1539070135096
155.15691309677024
155.1620435046871
155.16576672069704
155.16991011479314
155.174300887851
155.1787877286837
155.184267506259
155.18951101541532
155.19531350924206
155.2006870944626
155.20512683039317
155.21035388501392
155.21619018411423
155.221056012333
155.23086685398795
155.23086685398795
155.2430688291577
155.2430688291577
155.25903436876757
155.25903436876757
155.25903436876757
155.2627525721032
155.2658962941054
155.28111303278374
155.28111303278374
155.28472689950615
155.41633424306497
155.42108956610497
155.42717320134963
155.42944359502758
155.4342504892007
155.44413857606534
155.44413857606534
155.44621283698663
155.45405817980384
155.45405817980384
155.4618088260945
155.4618088260945
155.46583488499283
155.47049724651765
155.47714278104976
155.4806349206349
155.51100700886414
155.55771512113617
155.55771512113617
155.55771512113617
155.55771512113617
155.55771512113617
155.55771512113617
155.8876814058957
156.11043083900225
156.11043083900225
156.11043083900225
156.11043083900225
156.11079126387395
156.15942124136475
156.15942124136475
156.69526752788656
156.69526752788656
156.69526752788656
156.70703006288426
156.70703006288426
156.70960448281875
156.74446620089475
156.74446620089475
156.74446620089475
156.74446620089475
156.74446620089475
156.74446620089475
156.78052784076593
156.78052784076593
157.44337710841913
157.45135012741395
157.45665566556656
157.46080776441147
157.46445321919617
157.46791630867304
157.47238666618802
157.5789436630508
157.58288926681783
157.58691880623215
157.58933017401716
157.5998814151511
157.5998814151511
157.6033632460076
157.805817524957
157.81350885549168
157.82315675497682
157.82315675497682
157.83284873901638
157.83284873901638
157.83284873901638
157.84020364888957
157.84020364888957
157.86918694031283
157.86918694031283
157.86918694031283
158.01146803444232
158.01533421436514
158.01930649830365
158.02410523221633
158.02708258742092
158.0322583719478
158.03496241139098
158.0391214166826
158.04331311390325
158.0473623714108
158.05121858554742
158.05848234531908
158.06249761647084
158.23697181729833
158.26085779517285
158.27977657729758
158.2962074829932
158.32083700146723
158.33384447664668
158.35021725616517
158.3680411901516
158.3851964777927
158.55193255449447
158.55193255449447
158.55193255449447
158.55675940092257
158.5624680215612
158.56377394034538
158.56762700390604
158.74242829732626
158.74242829732626
158.7511885325559
158.75462086854944
158.80679043839757
158.80679043839757
158.80679043839757
158.80679043839757
158.80679043839757
158.80679043839757
158.80679043839757
158.80679043839757
159.15256510799227
159.15728219446981
159.16799708938302
159.17280704845018
159.17748009842234
159.1820264475427
159.1865209665956
159.19116043444978
159.19512401420744
159.20380512749315
159.28071352985637
159.299297545105
159.4260692482121
159.44320787086764
159.49115484288953
159.509231292517
159.52474252066418
159.57728850514565
159.59353061224488
159.6635927960928
159.6635927960928
159.80156670831596
160.00922724913258
160.02926051902242
160.04358517144232
160.17678072562356
160.18930555555556
160.1951127819549
160.2005007047864
160.20582844632105
160.20887200806249
160.26999958007895
160.28734096062666
160.31198979591838
160.6649440152709
160.6649440152709
160.6649440152709
160.6649440152709
160.6649440152709
160.6649440152709
160.6649440152709
160.6649440152709
160.6649440152709
160.6649440152709
160.93864144197823
160.95775075521297
160.95775075521297
160.95775075521297
160.95775075521297
160.96067230805951
160.96364122582926
160.96824065458674
160.9719969765684
160.9780777588813
161.1667534807804
161.17125978451645
161.17542210754033
161.1797590909843
161.18461172031002
161.18835876406635
161.19307038983257
161.1975217579095
161.20198326039545
161.20601019162245
161.2117593630859
161.23369090288443
161.23369090288443
161.23369090288443
161.23369090288443
161.23369090288443
161.23828553985697
161.24256221714134
161.24715571687287
161.24825935765494
161.2518468756026
162.25198007617286
162.27269956507192
162.6514396175137
162.65531816554372
162.65935323335682
162.66365484028552
162.66819975067435
162.67201643381367
162.6757705890867
162.679395512591
162.68309059581836
162.68705151927435
162.69113352317672
162.6956290328997
162.69996313874387
162.70435190842804
162.70835793380127
162.71224235272342
162.7161877357578
162.7206943130453
162.72441198397166
162.72943509719408
162.74700774754345
162.74700774754345
162.74700774754345
162.74700774754345
162.74700774754345
162.77430892992118
163.40324594453165
163.4108888264786
163.41628238529455
163.4227159653985
163.42950420000284
163.43700245935852
163.4445053906039
163.45151830255912
163.49794678995025
163.5044796416735
163.5109435078379
163.51704275206018
163.5234267215658
163.52967860126506
163.53642491405165
163.54255078420255
163.54925812091903
163.92956208222418
165.04083758503398
165.04565661047027
165.04844197380444
165.05235869656505
165.07016439909296
165.07016439909296
165.07016439909296
165.07016439909296
165.16289682539684
165.16289682539684
165.16678388147238
165.17023788486014
165.17426065490181
165.17905391786343
165.27405773591488
165.27827534486016
165.2828492660222
165.2877817593035
165.2924234428974
165.29657764340303
165.3003099746977
165.3081065759637
165.3081065759637
165.31118743019596
165.31402936436626
165.3191680350301
165.91216242503768
165.9163502712319
165.92049396594797
165.9264357100865
165.9332664399093
165.93516473255968
165.93842069752236
165.95903481822836
165.95903481822836
165.95903481822836
165.95903481822836
165.96057426303852
165.97505906238462
165.97505906238462
165.97505906238462
165.9986419693301
165.9986419693301
166.00209365256518
166.01897028897028
166.01897028897028
166.01897028897028
166.02161854103343
166.0337846917908
166.0337846917908
166.0337846917908
166.0349464620779
166.038090763231
166.06971260968155
166.07589795386073
166.08112538558055
166.08843864321685
166.10587127158553
166.1100274918227
166.11399179708314
166.11890732849918
166.12289948046728
166.12725065150437
166.53055315459517
166.53474376417233
166.5375802115718
166.54622799119647
166.55054358072815
166.55611946033642
166.5792064660916
166.5792064660916
166.5792064660916
166.58105390168296
166.5840749039477
166.60118674960876
166.60118674960876
166.60118674960876
166.60312673719332
166.606025546109
166.60895110082942
166.6125028982654
166.61675659763495
166.70697252234226
166.70697252234226
166.70697252234226
166.70697252234226
166.72527430326969
166.73863595135023
166.74463224468303
166.7452519526329
166.7519736808581
166.75831420684213
166.76367410814092
166.7647042268315
166.77394248608536
166.77839775697464
166.90735056221803
166.90735056221803
166.90735056221803
166.90735056221803
166.90865810840464
166.92776420427325
166.92776420427325
166.92776420427325
167.03283277554834
167.0371863823829
167.0441112046193
167.04676295280018
167.05101610759246
167.05432357555205
167.05859171435037
167.3696375931325
167.3731195335277
167.37710484193678
167.38137681830102
167.38500343957807
167.38847622153884
167.39296718687476
167.39722568657092
167.4047079779458
167.4129072791196
167.4129072791196
167.5480122721478
167.5503695833787
167.55532167905923
167.55944176987032
167.56314681157014
167.56750676614732
167.57746525276775
167.5795456942467
167.59300279085994
167.59300279085994
167.59300279085994
167.59557865121357
167.59739451336088
167.6173171064793
167.6173171064793
167.6173171064793
167.6173171064793
167.61824419767908
167.63991220812647
167.63991220812647
167.63991220812647
167.63991220812647
167.63991220812647
167.6399395313681
167.6589154840744
167.6589154840744
167.6589154840744
167.66004676870747
167.66660205384835
167.66948514859416
167.67306503966572
168.00340786587861
168.00340786587861
168.00642366856653
168.0096808862434
168.01334845049132
168.02175324675324
169.97077173091458
169.97077173091458
169.97077173091458
172.0117453167453
172.01584602855226
172.01984583883305
172.0241294729274
172.02826955782314
172.03279591836733
172.03725850340135
172.04101416076637
172.0451268346166
172.0495865457294
172.0539815080962
172.0894595616024
172.09219954648523
172.09740676783534
172.1013242246051
172.10535909445747
172.10909787795714
172.11281189127632
172.11670486506475
172.12006830374426
172.1239137405804
172.12788908431128
172.76726709123366
172.76726709123366
172.76726709123366
172.76726709123366
172.76726709123366
172.76726709123366
172.76726709123366
172.78311417177707
172.78311417177707
172.78311417177707
172.83026167800455
172.84825487528343
172.86509603841537
172.8683698270975
172.87195958383353
172.87960302034645
172.87960302034645
172.896449151089
172.896449151089
172.896449151089
172.896449151089
172.896449151089
172.8970068892697
172.91028231292515
172.91028231292515
172.9106023904889
173.22018733144836
173.2269390589569
173.23352415542487
174.3760110158462
174.38091809739768
174.38528233606368
174.38935199720913
174.3940429399273
174.6039270291017
174.61152081438635
174.61646589456416
174.62139788563104
174.62755151901425
174.6325334649989
174.6377985039824
174.64308563003593
174.6479338270612
174.69098797888878
174.69627741788838
174.69986873267825
174.70421034445525
174.70844088111434
174.71297061081648
174.7168896447468
174.72287344104308
174.7253345930965
174.72923625127706
174.73254510499854
174.73665937175903
174.74126860351126
174.74526254559794
174.74945894874466
174.75297808012093
174.7572885951026
174.91936217898012
174.9240730295468
174.92834603956527
174.93166258503402
174.93752278689254
175.0938894101702
175.09865266539634
175.10295584810623
175.10741284448338
175.1118693215114
175.1164238743116
177.18841373563095
177.1921764217238
177.1964862501987
177.2006995002808
177.2049301820103
177.20812431873333
178.3156263457764
178.32012810023787
178.32529678004536
178.3295075242218
178.33380234935504
178.33814613788778
178.34288004090524
178.34728701004212
180.06152484023912
180.06588911635708
180.07046451914098
180.07472649572648
180.07951124960962
180.0839826839827
180.0886219765684
180.09315755437976
180.0973947467876
180.1024016563147
180.10686451622593
180.11002070075344
180.1136306947021
180.1213222622382
180.1259808918138
180.13129608921193
180.13508641294354
180.13889109941672
180.14258913494476
181.3373020922269
181.3410893915799
181.34491787162918
181.3486984475246
181.35247231040563
181.3564391830279
181.36014807684077
181.36420047079645
181.36817630149608
181.3722914070533
181.37619789318225
181.3801510967423
181.44142985013553
181.44537178617668
181.44927730474086
181.45325081884604
181.45751812200288
181.46668864468865
181.47045948492118
181.4742165502154
181.47801232993197
181.48168559910735
181.48617810760666
181.48986167800453
181.4946271101033
181.88372265572897
181.88824500103073
181.89284996567434
181.89730470932332
181.90235584710075
181.90711879309546
181.91204755332083
181.91694073031513
181.92158001295758
181.925858097625
182.00772568486855
182.01261141420264
182.0167227172559
183.90787614144756
183.90787614144756
183.90787614144756
183.90787614144756
183.90787614144756
183.90787614144756
183.90787614144756
183.90787614144756
184.32328879170717
184.32845116618077
184.33354710368997
184.33693149896774
184.34123953098828
184.34653361629552
184.35013592207312
184.3548482419788
184.35925494767548
184.364089924527
184.36756828104376
184.3721575071976
184.37672047000618
184.38119132230008
184.38560619803476
184.39085265398674
184.39431882086168
184.39978627271805
184.40413832199545
184.4084389926183
184.4127288459243
184.4169507101086
184.52291844421384
184.5362060992376
184.9216016435064
184.93052027844323
184.93930691359262
185.10399536399424
185.10935237665365
185.11439906506763
185.1191228303133
185.12469183532627
185.13012040628922
186.79207675296269
186.79207675296269
186.79207675296269
186.79207675296269
186.79838670852956
186.79838670852956
186.80030369123594
187.00840854119426
187.01514343086632
187.02129024943312
187.02655810983396
187.0321849692258
187.03791877434733
188.1284518757998
188.1317938894856
188.13579526442288
188.13925329545737
188.14258157890694
188.14533736457545
188.14932014017728
191.78433573429373
191.80038170823886
191.81755479969766
191.83334845049131
191.85479711182717
192.93490420138093
192.9575774266696
192.96734718000675
195.2207039337474
195.24132026494806
195.24132026494806
195.24132026494806
195.24132026494806
195.2660077364279
195.2821768707483
195.30308409239402
195.3188469387755
195.3368316143662
196.00080733976174
196.00443763690384
196.00820632524255
196.01183789732804
196.0160861462045
196.01963181849058
196.02314945275177
196.02826123611837
196.03254287572136
196.03863394049964
196.04430354453564
196.53203250188963
196.5537558578987
196.5685827664399
196.58675300889587
196.60662464985995
196.62441852931647
196.6431697440881
196.78631280582405
196.80265835222977
197.31269181676865
197.31764748801334
197.32284807256235
197.3278305120498
197.33300146094922
197.33890832523485
197.8379934855298
197.84212709117983
197.84746444804807
197.8510524762173
197.8571149084279
197.860289836815
197.86505618318756
197.86931252615494
197.87432696253106
197.87828388425302
197.88278402119292
197.88728033708608
197.89208326822305
197.89717637485742
197.90071675718426
197.90641083576287
197.9109463189898
197.91568096982382
197.9195249454539
197.92420222634507
197.92855713299812
197.93361447879482
197.95159713545283
197.96261448394873
197.973825627529
198.50604522312068
198.5251822457378
198.5455538548753
198.56388640873016
198.58109831029185
198.59965903434545
198.61666264355202
198.76026077097507
200.44290958049888
200.44409205123492
200.44742080670653
200.46293455572075
200.46293455572075
200.46293455572075
200.46293455572075
200.61509516057134
200.62054553784984
200.62531156907207
200.6289721311668
200.63951167219025
200.63951167219025
200.63951167219025
200.65252704891478
200.71911289768434
200.72363371258254
200.72722253716302
200.76737074829933
200.76737074829933
200.76737074829933
200.76737074829933
200.76737074829933
200.9014406179138
200.9014406179138
200.9014406179138
200.9014406179138
200.91484417698703
200.91484417698703
202.13922588893712
202.14366118274367
202.14813205431986
202.15246320108005
202.15673317088027
202.16111532985286
202.16552498715876
202.16898378341236
202.26564844209287
202.280847808379
203.5211596998739
203.81928920286063
203.82351181461985
203.82822397200349
203.83231009070292
203.83661209215984
203.84081156462582
203.84492146452075
203.84934417056866
203.85354396356243
203.857747912173
203.86193867776993
203.86625018896447
203.87040556963527
203.87509981041595
203.87970611525031
203.88336116264685
205.49955632390697
206.96539229024944
206.9846164021164
207.0023818245247
207.02262786596117
207.042316017316
207.06278004535147
207.24697278911563
207.25520786092216
207.2754053287982
207.30581196581196
207.32495221898282
207.34456052262175
207.3638029765897
207.38396680039537
207.4056248425296
207.69096371882085
207.71065414571626
207.73041194255478
207.74937479753808
207.7658673469388
207.78748299319727
207.79753401360543
207.81715136054422
207.98828939909296
208.00481292517006
208.02027588813303
208.0700046685341
208.08970830756545
208.1106553287982
208.1308216970999
208.1466787864571
208.1631550195836
208.18542857142856
208.2066464556837
208.22518518518518
208.23944217687074
209.91627193597918
209.92841289778903
209.938043924532
209.9493622376733
210.52953989160676
210.533958887903
210.5385912248497
210.54339777471012
210.54821583705947
210.55278170823885
210.55868055555555
212.42292675356921
212.42292675356921
212.42879795071553
212.4316165670443
212.43553550036364
212.43925420122386
212.66138664768232
212.66507718472005
212.66939731335572
212.6737161035213
212.67731048437892
212.6809884176719
212.68584012113615
212.6906726079631
212.69540715545477
212.7024200318425
212.70610362811792
212.710335434987
212.7150216983345
212.7155918367347
212.72524625850338
212.73020172849013
213.2083547109959
213.21429128072182
213.21605113012947
213.21939679669336
213.2431335522715
213.2431335522715
213.2431335522715
213.2431335522715
213.2431335522715
213.24439812804553
213.25068748711607
213.25424567295272
213.25809807256235
213.637691270188
213.64137366057534
213.64510351966874
213.6487233213896
213.65224650069453
213.65652203657666
213.66106346336002
215.61125934297993
215.61515404169748
215.61945885698913
215.62362485260772
215.62779402145475
215.633527388917
215.63744727891157
217.2184192624418
217.22312160344364
217.22806030644375
217.23792582924642
217.2423732002841
217.24719169520503
217.2519506357195
217.25665745464852
217.26168896656267
217.26607484338936
217.82656205578186
217.83168233284303
217.8370654004176
217.84203969946188
217.84774489795916
217.85355086088035
217.85847442680776
217.864746402986
217.86909049241876
217.87420623171548
217.87897984102065
217.8844768038928
217.89036396357483
217.8957841211197
217.90050807248883
217.90660206528656
217.91141912320484
217.9162561361541
217.92162607115256
217.92649786721216
217.93072237784003
217.93721976340737
217.94298688484403
217.94830417881437
217.9536107440578
217.95884692096735
218.07812719203648
218.08273917313406
218.08741244291141
218.09198334235654
218.0966433829052
218.10112355188508
218.10654111027125
219.30042465471035
219.31288548752835
219.32848752834465
219.3474358515336
220.42210899337707
220.42750251952634
220.43176322011604
220.43704712677987
220.44198310555453
220.44592108445218
220.4502083121806
220.45475276477808
220.45976455590528
220.4662668269725
220.47037253457887
220.47620248099238
220.48058401138235
220.4867210413577
220.51003070985567
220.5143540908427
220.51919526505242
220.52361633454953
220.52861154718295
220.5327464898417
220.5374287126328
220.5413480995235
220.54617122818118
220.55058138947317
220.55515692605343
220.559206048201
223.64390822744193
223.67733119029458
223.69649289914304
223.7290952101005
223.73652099287034
223.7449594561028
223.75123781945211
223.75651414024728
223.7627041679616
223.76895544637608
223.77310576082286
223.77926609907766
223.78431845038483
223.78837868480727
223.92984564540913
223.93327040314648
223.93706526293056
223.94057650070877
223.9434910630919
223.9478257695772
226.56791567737093
226.57199391706368
226.5761503207648
226.58094612696797
226.5854417083638
226.61271615859084
226.62156601240068
226.63044717071165
226.6389541044497
227.76679803004535
227.77071459762263
227.77470529661517
227.77854770098713
227.78231734986258
227.78626912939026
227.79012832686692
227.79298464868103
227.79758431414893
227.956945877252
227.9619801897179
227.96642554799695
227.97075278881127
227.97535171515415
227.97987670810033
227.98457422969187
227.98894858135193
227.99357942120741
227.99841435450585
228.00318187971706
228.00883595084125
228.01361832306887
228.01815598876365
228.02354738232287
228.02920347694632
228.72945771804658
228.74752040816327
228.7937541426827
228.80990985465223
228.82258393680053
228.8513731078017
228.87652935248173
228.89344356261023
228.91081274105085
229.40459183673468
229.40459183673468
229.40459183673468
229.40459183673468
229.40459183673468
229.41035044320756
229.41035044320756
229.41448424759975
229.42706562492984
229.42706562492984
230.53550556180477
230.58775873015873
230.58775873015873
230.58775873015873
230.58775873015873
230.58775873015873
231.02644783884924
231.03265695405486
231.03735291374477
231.04137386466425
231.04552078292963
231.05019399249062
231.05434167528537
231.05793833150975
231.0676936666139
231.30512256922972
231.31036268987881
231.31434800567226
231.3190681757261
231.32385235938756
231.32824281994232
232.4393033390825
232.45612593106674
233.01695438733955
233.02066971916972
233.02474795046223
233.0286709092239
233.0326246894292
233.03591477241304
233.03928763958413
233.64908811143505
233.65331738556227
233.65762805229272
233.66241086972425
233.66669375338992
233.6714912864913
233.98487236131567
234.00241911101358
234.02051792697756
234.19288374512865
234.20190254190254
234.209637771299
234.60009101788862
234.61626077097506
234.6316391809249
234.92606904597588
234.93094619666047
234.93447818319245
234.93857888360822
234.94253626829519
234.94635520875016
234.95033450974375
234.95443235071806
234.95816124779066
234.9621016516059
234.96601661265365
235.2167666968265
235.22212635767667
235.22519019592855
235.22968422008213
235.23500035292975
235.23988781298306
235.24405587049634
235.24816523368608
235.2525430281402
235.25665717987874
235.26120946712018
235.26592844545226
235.27028965045136
236.21674225245653
236.23592743764172
236.24694507432602
236.27361811391225
236.29349800237554
236.3139363497337
236.33291045496213
236.35155423280423
236.3712496302869
236.38612831339432
236.40217309145882
236.41982993197277
236.55053197278912
236.64792597991578
236.6592403628118
236.68785714285713
236.70518552875697
236.73613562542133
236.75441199468293
236.7696913580247
236.79150896722325
236.80777577697745
236.90255291005292
236.90912226001512
236.91681243926143
236.92531810819565
236.93291655328798
236.94795540438398
236.98561803444784
236.9928286449715
237.00063618039806
237.0086860670194
237.0163217435122
237.02443814562864
237.03087112622828
237.0392873339812
237.04926303854876
237.07328528236692
237.0888350340136
237.10453514739228
237.2541546989166
237.7265573696145
237.74381952781113
237.76371446014304
237.77807470736042
238.05118672192938
238.05954786182318
238.067267351385
